X Y Z MaximumInscribedSphereRadius EdgeArray0 EdgeArray1 EdgePCoordArray
-15.316925048828125 1234.2974853515625 1407.0120849609375 7.418269920689306 245268.0 245268.0 0.0
-15.079861640930176 1233.84375 1407.5753173828125 7.297474430313606 244399.0 244389.0 0.16800000000000012
-14.274852752685547 1231.968505859375 1410.58203125 7.068845503350489 244240.0 244240.0 0.0
-13.964061737060547 1231.7783203125 1411.0517578125 7.030560713914648 45902.0 245257.0 0.6840000000000005
-13.43371868133545 1231.515869140625 1411.919189453125 7.037060332039 245256.0 245256.0 0.0
-12.5549955368042 1229.8231201171875 1417.0875244140625 7.647515326691383 245274.0 245274.0 0.0
-12.17083740234375 1229.77392578125 1417.906982421875 7.8394966356733 246002.0 245272.0 0.7640000000000006
-11.969157218933105 1229.4713134765625 1418.6734619140625 7.823778712890702 245272.0 245628.0 0.7120000000000005
-11.920158386230469 1229.3714599609375 1418.9776611328125 7.821596498382627 259233.0 245628.0 0.9640000000000007
-11.736427307128906 1229.244140625 1419.5023193359375 7.787794855628916 245867.0 245867.0 0.0
-11.73649787902832 1229.244140625 1419.502685546875 7.787745930675648 243982.0 245867.0 0.9880000000000008
-11.742298126220703 1229.2489013671875 1419.5333251953125 7.7837177761899 243982.0 243982.0 0.0
-10.853645324707031 1227.568603515625 1425.3721923828125 6.840667266776291 245247.0 245247.0 0.0
-10.780678749084473 1227.527099609375 1425.5804443359375 6.875217401584415 41808.0 245246.0 0.8280000000000006
-9.477007865905762 1226.6856689453125 1427.678466796875 7.181299163760966 245614.0 245614.0 0.0
-9.472006797790527 1226.6767578125 1427.704833984375 7.182322235629409 245615.0 245614.0 0.9760000000000008
-9.268632888793945 1226.3154296875 1428.77734375 7.22392715827946 245615.0 245615.0 0.0
-9.269075393676758 1226.311767578125 1428.787841796875 7.223146564153297 245607.0 245615.0 0.9640000000000007
-9.280915260314941 1226.21435546875 1429.067626953125 7.202243988108255 245607.0 245607.0 0.0
-9.777336120605469 1225.4234619140625 1431.0999755859375 7.027065544328178 53817.0 53817.0 0.0
-9.027993202209473 1223.7564697265625 1435.813720703125 7.37256708345224 245502.0 245502.0 0.0
-8.936595916748047 1223.692138671875 1436.056884765625 7.436352861522386 245503.0 245498.0 0.2960000000000002
-8.732314109802246 1223.5748291015625 1436.432373046875 7.493633635569261 245498.0 245587.0 0.05200000000000002
-8.418329238891602 1222.68603515625 1438.8955078125 7.439336138210146 243543.0 245577.0 0.11200000000000007
-8.571720123291016 1222.392578125 1439.509521484375 7.3363347016031994 244656.0 244222.0 0.9240000000000007
-8.730164527893066 1221.0614013671875 1442.4287109375 7.177673912827855 243863.0 244218.0 0.11200000000000007
-8.379631042480469 1219.83935546875 1444.768798828125 7.641974097874947 244100.0 244100.0 0.0
-8.38320255279541 1219.8319091796875 1444.78369140625 7.644472239540833 245385.0 244100.0 0.9920000000000008
-8.826032638549805 1218.9146728515625 1446.630615234375 7.954241806110809 245385.0 245385.0 0.0
-8.377196311950684 1217.5279541015625 1449.488037109375 8.36603356130906 243480.0 243480.0 0.0
-8.485218048095703 1216.3995361328125 1451.145751953125 8.530809644234479 244087.0 244081.0 0.17200000000000013
-7.974123477935791 1214.77978515625 1453.9862060546875 8.87045922898846 244214.0 244214.0 0.0
-7.942882537841797 1214.5386962890625 1454.2774658203125 8.955553097238033 259025.0 259026.0 0.06400000000000003
-7.608851432800293 1213.92529296875 1455.435791015625 9.072114770917654 256373.0 256373.0 0.0
-7.574357509613037 1213.8421630859375 1455.553466796875 9.070898012311709 245687.0 244073.0 0.032
-7.2047953605651855 1212.9652099609375 1457.421142578125 9.188226545017331 259436.0 259436.0 0.0
-6.765425205230713 1212.0115966796875 1459.3038330078125 8.865571842258053 259433.0 259433.0 0.0
-6.150848865509033 1211.1304931640625 1461.681884765625 8.898789685210694 259013.0 259013.0 0.0
-6.1508378982543945 1211.1304931640625 1461.681884765625 8.898786145766563 259014.0 259013.0 0.9960000000000008
-6.148087978363037 1211.124755859375 1461.68896484375 8.897904824177704 259014.0 259014.0 0.0
-5.932079315185547 1210.380126953125 1462.7626953125 8.754720004557088 259008.0 259008.0 0.0
-5.675193786621094 1209.4813232421875 1464.2080078125 8.778686398536992 256277.0 256277.0 0.0
-5.5008134841918945 1209.035888671875 1465.4873046875 8.73882727966499 256753.0 256753.0 0.0
-5.492336273193359 1209.0128173828125 1465.5673828125 8.738565938680827 256839.0 256840.0 0.7680000000000006
-5.48963737487793 1209.00634765625 1465.5948486328125 8.737138072596542 256840.0 63405.0 0.18400000000000014
-5.281538009643555 1208.4820556640625 1466.9525146484375 8.589533778653719 256812.0 256812.0 0.0
-5.20107889175415 1208.2471923828125 1467.7396240234375 8.545748902839325 255519.0 255519.0 0.0
-5.201039791107178 1208.246826171875 1467.7408447265625 8.545732913467456 255518.0 255519.0 0.9960000000000008
-5.191323280334473 1208.163818359375 1468.03271484375 8.54175155987217 255518.0 255518.0 0.0
-5.071890830993652 1207.666015625 1469.4404296875 8.568741134318518 255515.0 255515.0 0.0
-5.061374664306641 1207.5806884765625 1469.697998046875 8.599553723687691 256439.0 256416.0 0.06800000000000003
-4.942627906799316 1207.2520751953125 1470.7803955078125 8.778409701954622 256416.0 256416.0 0.0
-4.942459583282471 1207.251708984375 1470.7816162109375 8.778701804255034 256390.0 256416.0 0.9960000000000008
-4.900493621826172 1207.1666259765625 1471.074951171875 8.851435277057227 256390.0 256390.0 0.0
-4.900473117828369 1207.166259765625 1471.0762939453125 8.851759351973318 256428.0 256390.0 0.9880000000000008
-4.898774147033691 1207.134521484375 1471.1883544921875 8.878441520064856 256428.0 256428.0 0.0
-4.898746490478516 1207.134033203125 1471.189697265625 8.87870794829561 256417.0 256428.0 0.9920000000000008
-4.895324230194092 1207.0792236328125 1471.3489990234375 8.911745048908998 256417.0 256417.0 0.0
-4.894837856292725 1207.0770263671875 1471.355712890625 8.913320254551618 256854.0 256417.0 0.9880000000000008
-4.854799747467041 1206.8944091796875 1471.907958984375 9.043012185794028 256854.0 256854.0 0.0
-4.829230308532715 1206.8074951171875 1472.093017578125 9.07137669505154 256858.0 65944.0 0.23600000000000018
-4.728984832763672 1206.6009521484375 1472.7276611328125 9.111015852694425 53982.0 53982.0 0.0
-4.734837055206299 1206.268310546875 1473.55615234375 9.09041250619826 62082.0 62105.0 0.2920000000000002
-4.7786688804626465 1206.060791015625 1474.520263671875 8.999050293393294 62103.0 62103.0 0.0
-4.800622463226318 1206.02490234375 1474.76953125 8.96999363676688 56670.0 56670.0 0.0
-4.842060565948486 1204.9779052734375 1478.127685546875 8.38873048268218 53831.0 53831.0 0.0
-5.1198554039001465 1204.6312255859375 1479.46435546875 8.043738071860204 56538.0 56646.0 0.4080000000000003
-5.175266265869141 1204.515380859375 1480.11083984375 7.874574709940303 56648.0 56558.0 0.5440000000000004
-5.139437675476074 1204.3594970703125 1482.0606689453125 7.410104769773631 43620.0 43620.0 0.0
-5.139418125152588 1204.3594970703125 1482.060791015625 7.410077884266477 56727.0 43620.0 0.9960000000000008
-5.134573459625244 1204.357421875 1482.0887451171875 7.403383392985136 56727.0 56727.0 0.0
-5.017898082733154 1204.0465087890625 1484.9031982421875 6.905906829857883 56720.0 56720.0 0.0
-5.013301372528076 1204.0357666015625 1485.03515625 6.892094112987406 61987.0 56542.0 0.45200000000000035
-5.017170429229736 1203.82666015625 1486.404541015625 6.817769373397848 61991.0 61991.0 0.0
-4.923669338226318 1203.6904296875 1487.399658203125 6.896017274489756 61990.0 61988.0 0.7640000000000006
-4.883737087249756 1203.642822265625 1487.837158203125 6.921528000150454 61984.0 61988.0 0.3040000000000002
-4.877399921417236 1203.5595703125 1488.2406005859375 6.960407226955519 61984.0 61965.0 0.5880000000000004
-4.885629653930664 1203.5164794921875 1488.4998779296875 6.982014518473833 53832.0 61965.0 0.9920000000000008
-4.881469249725342 1203.5054931640625 1488.7913818359375 6.986930026704163 61982.0 61982.0 0.0
-4.821014404296875 1203.5040283203125 1490.0975341796875 7.0958502830660475 61983.0 61983.0 0.0
-4.820486068725586 1203.514892578125 1490.3492431640625 7.138864142062174 56711.0 61974.0 0.36800000000000027
-4.867640495300293 1203.4857177734375 1490.92822265625 7.199504131268893 257966.0 257966.0 0.0
-4.867603302001953 1203.4857177734375 1490.9300537109375 7.199613939784105 257941.0 257966.0 0.9960000000000008
-4.858310222625732 1203.497314453125 1491.3720703125 7.226956260072036 257941.0 257941.0 0.0
-4.857983589172363 1203.4979248046875 1491.3809814453125 7.228015642173094 256234.0 257941.0 0.9920000000000008
-4.817471981048584 1203.5791015625 1492.4808349609375 7.359379022704227 256234.0 256234.0 0.0
-4.7676849365234375 1203.6375732421875 1493.0521240234375 7.467315915843488 256968.0 256965.0 0.9640000000000007
-4.637073040008545 1203.8038330078125 1493.921630859375 7.628842069952897 256201.0 256206.0 0.8760000000000007
-4.549408435821533 1203.771728515625 1494.728515625 7.6768383057086105 56433.0 256256.0 0.9360000000000007
-4.3996124267578125 1204.1766357421875 1497.620849609375 8.090227404494215 66135.0 242938.0 0.4960000000000004
-4.33538818359375 1204.5145263671875 1498.381591796875 8.14796394008294 62188.0 66148.0 0.2920000000000002
-4.276776313781738 1204.8170166015625 1500.079345703125 8.260603873076631 257065.0 66148.0 0.36400000000000027
-4.162643909454346 1204.998291015625 1501.09912109375 8.372963438062584 257067.0 56350.0 0.10800000000000007
-4.01038122177124 1205.1280517578125 1501.8017578125 8.48371324971375 257059.0 257059.0 0.0
-3.903122901916504 1205.2889404296875 1502.3480224609375 8.612814489752058 256239.0 257061.0 0.7880000000000006
-3.860177516937256 1205.3118896484375 1502.8319091796875 8.639890551805589 64072.0 257063.0 0.8080000000000006
-3.602351188659668 1205.8050537109375 1506.0604248046875 9.060110898792304 256192.0 256192.0 0.0
-3.6090493202209473 1205.87109375 1508.0406494140625 9.153587355104037 41803.0 41803.0 0.0
-3.4498298168182373 1206.236083984375 1509.536865234375 9.168869617480443 256175.0 256175.0 0.0
-3.4049103260040283 1206.17626953125 1513.265869140625 9.25008447181716 255585.0 255585.0 0.0
-3.419847249984741 1206.100830078125 1513.5118408203125 9.239931111825832 63284.0 63284.0 0.0
-3.433976888656616 1206.0712890625 1516.2640380859375 8.798297637207028 11943.0 11943.0 0.0
-3.4369688034057617 1206.2269287109375 1517.3984375 8.69728509356056 30795.0 66049.0 0.9720000000000008
-3.485520124435425 1206.3524169921875 1518.00146484375 8.65858120810906 255592.0 255592.0 0.0
-3.6387627124786377 1206.665771484375 1519.1016845703125 8.623829955673184 64002.0 55258.0 0.048000000000000015
-3.834867477416992 1207.5015869140625 1520.6864013671875 8.507010999428653 62818.0 62818.0 0.0
-3.122185230255127 1207.5169677734375 1524.996337890625 6.587742620661288 55075.0 55075.0 0.0
-3.1649701595306396 1208.00927734375 1528.8895263671875 6.328448145628676 63037.0 63037.0 0.0
-3.441354751586914 1208.5843505859375 1530.8807373046875 6.761160961078197 66328.0 66328.0 0.0
-3.1370983123779297 1208.0018310546875 1531.8895263671875 6.262642625605126 66216.0 44698.0 0.7280000000000005
-3.058758497238159 1207.7645263671875 1532.43701171875 6.041423730258822 63225.0 44698.0 0.7760000000000006
-2.7695956230163574 1206.9840087890625 1534.395751953125 5.4337743694870335 64645.0 64645.0 0.0
-2.770455837249756 1206.9805908203125 1534.4056396484375 5.432653251840502 255693.0 64645.0 0.9920000000000008
-2.8771159648895264 1206.5643310546875 1535.636474609375 5.293634663670724 255693.0 255693.0 0.0
-3.0427863597869873 1206.26025390625 1537.05859375 5.357402741019834 255854.0 255890.0 0.12800000000000009
-3.054428815841675 1206.218017578125 1537.1661376953125 5.357095780688591 255897.0 255855.0 0.9040000000000007
-3.0768845081329346 1206.1544189453125 1537.360595703125 5.375251514855202 255853.0 255855.0 0.8240000000000006
-3.3221511840820312 1205.765380859375 1538.2364501953125 5.370726182186402 255662.0 255853.0 0.8080000000000006
-3.5843589305877686 1205.260986328125 1539.530029296875 5.588733017481133 33860.0 255849.0 0.06800000000000003
-3.6515142917633057 1205.0767822265625 1540.0721435546875 5.7347040392624296 256086.0 256001.0 0.5840000000000004
-3.6502482891082764 1205.0457763671875 1540.171630859375 5.761610254115605 256001.0 255889.0 0.5520000000000004
-3.525834798812866 1204.4375 1541.3607177734375 6.102438876979317 255691.0 33654.0 0.11200000000000007
-3.5202083587646484 1204.4044189453125 1541.416015625 6.12318734575829 255691.0 256088.0 0.20400000000000015
-3.578983783721924 1204.0885009765625 1541.9388427734375 6.3043672203945 255841.0 255892.0 0.8400000000000006
-3.570699453353882 1203.9630126953125 1542.1636962890625 6.391963268221747 64866.0 255840.0 0.6960000000000005
-3.638319969177246 1203.8050537109375 1542.4981689453125 6.495836787113094 255881.0 33981.0 0.9480000000000007
-3.6428182125091553 1203.8033447265625 1542.515869140625 6.4956685511211925 64619.0 58073.0 0.04000000000000001
-3.657611608505249 1203.796142578125 1542.576416015625 6.495060735871454 64872.0 64619.0 0.4160000000000003
-3.662087917327881 1203.791259765625 1542.6201171875 6.49480303288302 64872.0 64872.0 0.0
-3.75134015083313 1203.6903076171875 1543.489990234375 6.552807627048235 64949.0 64949.0 0.0
-3.7516608238220215 1203.689697265625 1543.4930419921875 6.553142456838257 60580.0 64949.0 0.9960000000000008
-3.831489086151123 1203.534912109375 1544.2520751953125 6.636515074553652 60580.0 60580.0 0.0
-3.9383432865142822 1203.2374267578125 1545.2413330078125 6.794469566034021 40743.0 40743.0 0.0
-4.0558576583862305 1203.2177734375 1546.3243408203125 6.838668842097166 67224.0 64885.0 0.9640000000000007
-4.81240701675415 1202.0615234375 1549.707763671875 7.078178963189119 46316.0 40583.0 0.9480000000000007
-4.869235992431641 1202.1436767578125 1550.295166015625 7.0053633480370525 40583.0 39647.0 0.9720000000000008
-4.880152225494385 1202.146240234375 1550.3128662109375 7.0042238216192265 39647.0 77525.0 0.004
-6.517670631408691 1201.3121337890625 1555.2838134765625 7.1881038022262285 11803.0 79856.0 0.3040000000000002
-6.949281692504883 1201.4111328125 1556.9747314453125 7.487427226299433 47022.0 47022.0 0.0
-7.321978569030762 1200.2537841796875 1558.931640625 7.437396638737261 36024.0 76140.0 0.6680000000000005
-7.377193927764893 1200.271728515625 1559.70361328125 7.178021474556644 76098.0 76140.0 0.3160000000000002
-7.341668605804443 1200.235595703125 1560.2275390625 7.052358910623219 76098.0 75164.0 0.05600000000000002
-7.610217571258545 1200.98291015625 1562.5245361328125 6.18008718820986 74792.0 74792.0 0.0
-7.753066062927246 1201.2525634765625 1563.0888671875 6.005313883030215 75121.0 75121.0 0.0
-7.866982460021973 1201.346923828125 1563.5286865234375 5.84205346936008 75050.0 75050.0 0.0
-7.901342391967773 1201.349365234375 1563.65576171875 5.786097237215643 75965.0 75965.0 0.0
-7.901373386383057 1201.349365234375 1563.6558837890625 5.786041542258028 27861.0 75965.0 0.9960000000000008
-7.909059047698975 1201.3489990234375 1563.6861572265625 5.772173497811887 27861.0 27861.0 0.0
-7.967677593231201 1201.3502197265625 1563.9595947265625 5.649797494007335 75045.0 75045.0 0.0
-8.114466667175293 1201.3787841796875 1564.884521484375 5.305537337120152 75192.0 75192.0 0.0
-8.310914993286133 1201.486328125 1565.7646484375 5.034152979129614 75203.0 75203.0 0.0
-8.889649391174316 1201.7547607421875 1566.748779296875 4.639111639950646 75204.0 75204.0 0.0
-9.034979820251465 1201.784423828125 1566.951171875 4.5361948761174995 75217.0 75217.0 0.0
-8.997027397155762 1201.5897216796875 1568.0943603515625 4.494635638012033 53465.0 53465.0 0.0
-8.859694480895996 1201.55078125 1568.2943115234375 4.550223572250227 75057.0 39649.0 0.8880000000000007
-8.630560874938965 1201.3602294921875 1568.6915283203125 4.582626838171802 74967.0 52587.0 0.4880000000000004
-8.318441390991211 1201.1329345703125 1569.27783203125 4.65899655223467 52674.0 52675.0 0.9640000000000007
-8.28940486907959 1201.1163330078125 1569.3302001953125 4.668392492106783 52675.0 52958.0 0.2440000000000002
-8.228643417358398 1201.0263671875 1569.7513427734375 4.675152963937009 52617.0 52617.0 0.0
-8.228466033935547 1201.0262451171875 1569.752197265625 4.675217818403105 52965.0 52617.0 0.9960000000000008
-8.18437385559082 1200.986572265625 1569.9801025390625 4.691366580461026 52965.0 52965.0 0.0
-8.184162139892578 1200.986328125 1569.9813232421875 4.691483841372223 52903.0 52965.0 0.9840000000000008
-8.171121597290039 1200.9732666015625 1570.0579833984375 4.698695387410859 52903.0 52903.0 0.0
-8.170910835266113 1200.97314453125 1570.0589599609375 4.698812264574908 52943.0 52903.0 0.9960000000000008
-8.118318557739258 1200.9381103515625 1570.3043212890625 4.727914678423179 52943.0 52943.0 0.0
-8.047236442565918 1200.851806640625 1570.6600341796875 4.76419431978784 52517.0 52517.0 0.0
-7.901543617248535 1200.6854248046875 1571.1044921875 4.770805972590045 52975.0 52975.0 0.0
-7.758520126342773 1200.6156005859375 1571.368408203125 4.7757492961999075 52989.0 52989.0 0.0
-7.7507219314575195 1200.61474609375 1571.3809814453125 4.774545396805091 13007.0 35994.0 0.9880000000000008
-7.53271484375 1200.5211181640625 1572.1885986328125 4.761117450288142 52416.0 52416.0 0.0
-7.480358600616455 1200.5123291015625 1572.274169921875 4.7541019200407435 34493.0 34989.0 0.05600000000000002
-7.172016143798828 1200.42626953125 1573.18505859375 4.730681358250396 49138.0 52432.0 0.028
-6.567117691040039 1200.3045654296875 1574.07470703125 4.815612017420805 34443.0 34443.0 0.0
-6.496244430541992 1200.21484375 1574.3372802734375 4.850146798212427 48714.0 48714.0 0.0
-6.203108787536621 1200.1400146484375 1574.8310546875 4.924295186091654 48122.0 34113.0 0.8880000000000007
-6.094593524932861 1200.0616455078125 1575.049560546875 4.927932017185913 48540.0 34451.0 0.16400000000000012
-5.660503387451172 1199.5567626953125 1576.037841796875 5.01201951286617 48221.0 52054.0 0.5600000000000004
-5.493241786956787 1199.395751953125 1576.5079345703125 5.120907317873147 52054.0 52051.0 0.33600000000000024
-5.2596540451049805 1199.056884765625 1577.4000244140625 5.296960065662157 52051.0 20373.0 0.07200000000000004
-5.250059604644775 1199.0198974609375 1577.4862060546875 5.314133426704285 52051.0 52051.0 0.0
-5.249923229217529 1199.0194091796875 1577.4873046875 5.314502889867828 28166.0 52051.0 0.9960000000000008
-5.2159104347229 1198.9083251953125 1577.74609375 5.406499217590003 28166.0 28166.0 0.0
-5.009974002838135 1198.644287109375 1578.2918701171875 5.623696681262653 90520.0 90520.0 0.0
-5.009515762329102 1198.643310546875 1578.29296875 5.623946564180358 70186.0 90520.0 0.9960000000000008
-4.895431995391846 1198.40478515625 1578.557861328125 5.686167410688786 70186.0 70186.0 0.0
-4.845621585845947 1196.960693359375 1582.338134765625 6.057164183868515 31410.0 31410.0 0.0
-4.845170497894287 1196.957763671875 1582.341796875 6.058219300298664 90537.0 31410.0 0.9960000000000008
-4.732903003692627 1196.2310791015625 1583.2528076171875 6.320943291405807 90537.0 90537.0 0.0
-4.6751604080200195 1195.8428955078125 1584.05322265625 6.489334255345005 90540.0 90536.0 0.47600000000000037
-4.680117130279541 1195.7425537109375 1584.47607421875 6.4984415503334745 90540.0 90538.0 0.21600000000000016
-4.686534404754639 1195.493896484375 1585.1209716796875 6.502522416922973 88803.0 88803.0 0.0
-4.697551727294922 1194.0728759765625 1587.64697265625 6.892491080422075 90732.0 90733.0 0.7600000000000006
-4.6958441734313965 1194.037109375 1587.755615234375 6.911764954948476 90738.0 90733.0 0.44400000000000034
-4.679904937744141 1193.8857421875 1588.06884765625 6.934663378131686 90742.0 90547.0 0.02
-4.749922275543213 1192.152587890625 1590.495849609375 7.341892107243908 85789.0 85789.0 0.0
-5.247525691986084 1191.153564453125 1591.9267578125 7.678093113568006 88477.0 50991.0 0.7840000000000006
-5.325049877166748 1189.740478515625 1593.5721435546875 8.175617255803404 88477.0 88477.0 0.0
-5.375612735748291 1189.5621337890625 1593.86962890625 8.252312761160361 85770.0 85770.0 0.0
-5.3517255783081055 1188.220458984375 1596.1875 8.174523117444414 69943.0 71139.0 0.22000000000000017
-5.4267659187316895 1188.0374755859375 1596.5311279296875 8.192546327109975 69943.0 71147.0 0.5560000000000004
-5.480641841888428 1187.9122314453125 1596.8206787109375 8.186427292106812 71147.0 210501.0 0.21200000000000016
-5.565155982971191 1187.42431640625 1597.9951171875 8.206890681142793 102081.0 102081.0 0.0
-5.562093734741211 1187.3580322265625 1598.73388671875 8.091573286730448 211459.0 211459.0 0.0
-5.502328395843506 1187.2086181640625 1599.5869140625 7.950160662533221 210640.0 210640.0 0.0
-5.499141216278076 1187.1754150390625 1600.0089111328125 7.906789664966987 102127.0 87299.0 0.9080000000000007
-5.486004829406738 1187.14208984375 1600.2398681640625 7.877929230367393 87299.0 102101.0 0.1520000000000001
-5.30385684967041 1187.0157470703125 1601.0404052734375 7.700411869072276 72225.0 88361.0 0.6320000000000005
-5.165823459625244 1186.9713134765625 1601.505859375 7.591520195335145 101822.0 101822.0 0.0
-4.674975395202637 1186.8092041015625 1602.69921875 7.253555747526211 211431.0 211431.0 0.0
-4.366369247436523 1186.723876953125 1603.1256103515625 7.049098186202798 61468.0 102140.0 0.22800000000000017
-4.229774475097656 1186.704345703125 1603.298095703125 6.957946985208777 61468.0 213180.0 0.4920000000000004
-4.025047779083252 1186.6536865234375 1603.478759765625 6.802926076311044 213191.0 87557.0 0.08400000000000005
-3.050384759902954 1186.083984375 1604.349365234375 5.947928941119924 209634.0 209634.0 0.0
-2.6048240661621094 1185.7501220703125 1604.87451171875 5.4948255524474074 88026.0 88026.0 0.0
-1.7690629959106445 1185.2242431640625 1605.64111328125 4.838520687222842 102368.0 102368.0 0.0
-1.7253209352493286 1185.1942138671875 1605.68115234375 4.808845097350617 154195.0 102185.0 0.9960000000000008
-1.7239114046096802 1185.193359375 1605.6824951171875 4.807772541259691 208797.0 102185.0 0.9880000000000008
-1.4108492136001587 1184.896484375 1606.064208984375 4.52696777883405 213330.0 213330.0 0.0
-0.9200344085693359 1184.361328125 1606.66357421875 4.073559708085314 100964.0 100964.0 0.0
-0.8498591184616089 1184.2728271484375 1606.76953125 3.997059907569189 102359.0 213127.0 0.04000000000000001
-0.14740701019763947 1183.6341552734375 1607.5098876953125 3.496343393203281 213129.0 213129.0 0.0
-0.05237404629588127 1183.545654296875 1607.5943603515625 3.445731200905879 100969.0 213131.0 0.8200000000000006
0.44514384865760803 1182.7857666015625 1608.3594970703125 3.0788323859276487 208821.0 208821.0 0.0
0.5831874012947083 1182.3184814453125 1608.746337890625 2.9500211372900376 250386.0 250386.0 0.0
0.9630773067474365 1181.5462646484375 1609.289794921875 2.88635892628909 87599.0 87599.0 0.0
0.9634782075881958 1181.5455322265625 1609.290771484375 2.8861572073588753 247431.0 87599.0 0.9920000000000008
1.0131864547729492 1181.4478759765625 1609.417724609375 2.861144060012265 247431.0 247431.0 0.0
1.3530436754226685 1180.841552734375 1610.03564453125 2.778735110863832 225887.0 225887.0 0.0
1.6266365051269531 1180.5325927734375 1610.372802734375 2.7947398649641007 88198.0 88198.0 0.0
1.923276662826538 1180.1317138671875 1610.71630859375 2.885516716185302 199847.0 199847.0 0.0
2.056926965713501 1179.713134765625 1610.968017578125 2.8884703658035673 233249.0 233249.0 0.0
2.211822271347046 1179.2620849609375 1611.1572265625 2.8769628401232374 232989.0 232989.0 0.0
2.2546045780181885 1179.050048828125 1611.2069091796875 2.874772678170773 61600.0 225758.0 0.8720000000000007
2.269252300262451 1179.0093994140625 1611.2176513671875 2.8752095528267514 228356.0 233096.0 0.9960000000000008
2.2733750343322754 1178.9954833984375 1611.223388671875 2.873505531018624 233096.0 225799.0 0.10800000000000007
2.326678991317749 1178.8702392578125 1611.280029296875 2.8607797144398286 225799.0 233105.0 0.12400000000000008
2.4327304363250732 1178.57568359375 1611.3787841796875 2.833476292902801 233067.0 233067.0 0.0
2.557636022567749 1178.3062744140625 1611.453369140625 2.820758062658127 233065.0 233065.0 0.0
2.776214599609375 1177.92822265625 1611.5361328125 2.831365619155035 225797.0 225797.0 0.0
3.0496692657470703 1177.425537109375 1611.557861328125 2.8641791202791502 225628.0 225628.0 0.0
3.0817112922668457 1177.270751953125 1611.601318359375 2.835286569082154 233004.0 233004.0 0.0
3.42799711227417 1175.8631591796875 1611.6068115234375 2.611997659574011 228937.0 228937.0 0.0
3.462827444076538 1175.65234375 1611.531494140625 2.574317372482308 228918.0 228918.0 0.0
3.6005747318267822 1174.6517333984375 1611.6229248046875 2.4523957234092397 228897.0 228897.0 0.0
3.7035841941833496 1173.42724609375 1611.281494140625 2.444880905132381 216872.0 216872.0 0.0
3.8787810802459717 1172.916259765625 1611.3536376953125 2.410819281126631 228850.0 228850.0 0.0
3.917275905609131 1171.87841796875 1611.508544921875 2.239980523402408 228881.0 228881.0 0.0
3.917588472366333 1171.8770751953125 1611.508544921875 2.240061594870501 228868.0 228881.0 0.9960000000000008
3.995434045791626 1171.5303955078125 1611.50341796875 2.260248390425653 228868.0 228868.0 0.0
4.039376735687256 1171.194580078125 1611.5169677734375 2.2966653482409436 229102.0 217720.0 0.6040000000000004
3.9976449012756348 1170.98046875 1611.541748046875 2.2934751544794603 217720.0 228477.0 0.25200000000000017
3.912299871444702 1170.3870849609375 1611.671142578125 2.2689744242805134 216360.0 228477.0 0.3920000000000003
3.955190896987915 1170.128662109375 1611.799072265625 2.211802266586601 229103.0 229103.0 0.0
3.957113027572632 1170.11669921875 1611.8028564453125 2.2087796562036894 225657.0 229107.0 0.9960000000000008
4.005806922912598 1168.4031982421875 1612.169677734375 1.9580424524002633 225646.0 225646.0 0.0
4.005809783935547 1168.4031982421875 1612.169677734375 1.9580411166392027 225285.0 225646.0 0.9960000000000008
4.006491184234619 1168.396728515625 1612.1688232421875 1.957708512135083 225285.0 225285.0 0.0
4.00730037689209 1167.3603515625 1612.27392578125 1.9552570611789317 225655.0 225655.0 0.0
4.007317066192627 1167.3603515625 1612.27392578125 1.9552590407781913 225128.0 225655.0 0.9960000000000008
4.011464595794678 1167.3486328125 1612.2725830078125 1.9557519609938216 225128.0 225128.0 0.0
4.157248497009277 1166.63916015625 1612.3443603515625 1.963628526738857 199020.0 199020.0 0.0
4.157483100891113 1166.6337890625 1612.344482421875 1.9647066010897065 225293.0 199020.0 0.9880000000000008
4.176792144775391 1166.18896484375 1612.3519287109375 2.0534680559763316 225293.0 225293.0 0.0
4.1767683029174805 1166.184326171875 1612.3533935546875 2.054332193360521 224951.0 225293.0 0.9680000000000007
4.176046848297119 1166.0426025390625 1612.3973388671875 2.0804723492322426 224951.0 224951.0 0.0
4.175570011138916 1166.0391845703125 1612.398193359375 2.0812730605453886 200367.0 224951.0 0.9920000000000008
4.116425514221191 1165.6180419921875 1612.4981689453125 2.1805612633754965 200367.0 200367.0 0.0
4.116179943084717 1165.6168212890625 1612.4984130859375 2.180954227858931 224852.0 200367.0 0.9920000000000008
4.0857462882995605 1165.46826171875 1612.528564453125 2.229681823804853 224852.0 224852.0 0.0
4.067566871643066 1165.3897705078125 1612.541259765625 2.25610540946789 225214.0 225228.0 0.016
4.208986759185791 1165.0399169921875 1612.766357421875 2.1704643529134766 199973.0 199973.0 0.0
4.29508113861084 1164.625244140625 1613.05029296875 2.10252095939059 200651.0 198866.0 0.5240000000000004
4.303791046142578 1164.50634765625 1613.122802734375 2.09331109669362 200651.0 200024.0 0.6600000000000005
4.3306403160095215 1164.21044921875 1613.3203125 2.0843486248224528 200024.0 200658.0 0.8720000000000007
4.331306457519531 1164.1993408203125 1613.3282470703125 2.083458398981289 199920.0 200657.0 0.9480000000000007
4.330440998077393 1164.189453125 1613.337890625 2.0814408129635544 198839.0 200657.0 0.9960000000000008
4.218683242797852 1163.8741455078125 1613.582275390625 2.010382000898006 200641.0 200641.0 0.0
3.9864914417266846 1163.4510498046875 1613.91845703125 1.9768567037214697 199807.0 199807.0 0.0
3.809399127960205 1162.9766845703125 1614.2523193359375 1.9145271654402416 199825.0 199825.0 0.0
3.7713844776153564 1162.906982421875 1614.3153076171875 1.9131959910928518 200519.0 200600.0 0.21600000000000016
3.6744167804718018 1162.6492919921875 1614.4378662109375 1.883548277512372 200600.0 199954.0 0.5840000000000004
3.6467320919036865 1162.2095947265625 1614.7412109375 1.779843029840136 224803.0 224803.0 0.0
3.5850601196289062 1161.9384765625 1614.839599609375 1.7368462531288844 224805.0 200493.0 0.19200000000000014
3.394871234893799 1161.4425048828125 1615.00634765625 1.707872718114304 200127.0 200127.0 0.0
3.3428807258605957 1161.3375244140625 1615.0333251953125 1.7158649911314519 200080.0 200131.0 0.8520000000000006
3.179705858230591 1161.0491943359375 1615.0802001953125 1.740422976257636 200080.0 200120.0 0.8440000000000006
3.1723835468292236 1161.0396728515625 1615.0828857421875 1.7413161630016276 200120.0 200120.0 0.0
2.9901185035705566 1160.6885986328125 1615.1424560546875 1.7492822994278576 200072.0 200072.0 0.0
2.8687744140625 1160.449462890625 1615.189697265625 1.7442380548688565 197746.0 192308.0 0.5600000000000004
2.8009705543518066 1160.2554931640625 1615.23681640625 1.7292731125841736 192308.0 192308.0 0.0
2.7192914485931396 1159.847900390625 1615.2860107421875 1.7362907157125511 197747.0 197747.0 0.0
2.7193520069122314 1159.8447265625 1615.2861328125 1.7364835058920125 198450.0 197747.0 0.9920000000000008
2.726849317550659 1159.450927734375 1615.3077392578125 1.7603894881452151 198450.0 198450.0 0.0
2.7268519401550293 1159.45068359375 1615.3077392578125 1.7604220828801802 196508.0 198450.0 0.9800000000000008
2.7269837856292725 1159.44091796875 1615.30810546875 1.7620192248934727 196508.0 196508.0 0.0
2.001873731613159 1158.2208251953125 1615.411376953125 1.8723192253586662 196781.0 196781.0 0.0
1.9508119821548462 1158.1695556640625 1615.3887939453125 1.8805928544679973 196875.0 196875.0 0.0
1.6964213848114014 1156.4249267578125 1615.5174560546875 1.769452351092814 196869.0 196869.0 0.0
1.4492205381393433 1155.470947265625 1615.26171875 1.7805084917934244 196481.0 196441.0 0.4200000000000003
1.292921543121338 1154.510498046875 1615.564208984375 1.7624287006578867 196457.0 196457.0 0.0
1.26772940158844 1154.26171875 1615.6536865234375 1.8498407871226958 196459.0 185498.0 0.7040000000000005
0.9228712320327759 1153.727294921875 1615.95751953125 1.9633086699968714 196600.0 196445.0 0.2920000000000002
0.9567252993583679 1153.39013671875 1616.181396484375 1.9212800779177428 196474.0 196467.0 0.6640000000000005
0.7023061513900757 1151.544677734375 1615.923583984375 1.71295879566284 223188.0 223188.0 0.0
0.60256028175354 1151.077392578125 1615.8349609375 1.7938864415834024 223181.0 223182.0 0.5840000000000004
0.502794086933136 1150.7911376953125 1615.835693359375 1.8489719266256086 223155.0 196611.0 0.22400000000000017
0.5040804743766785 1150.072021484375 1615.7657470703125 1.9326080850216045 223129.0 223162.0 0.12400000000000008
0.5025367140769958 1150.0579833984375 1615.7674560546875 1.9336188230013696 223129.0 223125.0 0.1320000000000001
0.6221648454666138 1149.4312744140625 1615.7867431640625 1.9051562296642812 223153.0 223157.0 0.6840000000000005
0.773681640625 1149.10595703125 1615.763916015625 1.90030639764404 223154.0 223137.0 0.6560000000000005
1.0395272970199585 1148.8333740234375 1615.8177490234375 1.8333330902630802 194330.0 223135.0 0.8680000000000007
1.607256531715393 1147.3990478515625 1615.5841064453125 1.7381236258422432 188486.0 223263.0 0.18400000000000014
1.5987162590026855 1147.240478515625 1615.5538330078125 1.7386820979281938 223279.0 188486.0 0.3840000000000003
1.5843616724014282 1147.1536865234375 1615.5438232421875 1.738409723670164 223278.0 223279.0 0.8720000000000007
1.6747967004776 1146.1778564453125 1615.4346923828125 1.805128973110961 223285.0 223284.0 0.8400000000000006
1.7551277875900269 1145.9456787109375 1615.416259765625 1.8496648297397005 223286.0 223284.0 0.17600000000000013
1.7733560800552368 1145.8961181640625 1615.4058837890625 1.85926582227274 223286.0 223286.0 0.0
1.7733906507492065 1145.89599609375 1615.4058837890625 1.8592924365626546 223287.0 223286.0 0.9960000000000008
1.7819983959197998 1145.873046875 1615.4002685546875 1.8659193947513557 223287.0 223287.0 0.0
1.8084766864776611 1145.764892578125 1615.3544921875 1.8862537840677298 223159.0 223269.0 0.45600000000000035
1.8344542980194092 1145.67724609375 1615.31298828125 1.9036983493570467 223270.0 223159.0 0.9320000000000007
1.9826648235321045 1145.33203125 1615.2037353515625 1.9833513824436413 223270.0 223270.0 0.0
1.9847975969314575 1145.3280029296875 1615.201416015625 1.9846027774293384 223271.0 223270.0 0.9720000000000008
2.058835506439209 1145.18701171875 1615.1204833984375 2.0280440605042576 223271.0 223271.0 0.0
2.058936357498169 1145.1866455078125 1615.120361328125 2.0281222730862436 219236.0 223271.0 0.9880000000000008
2.067229986190796 1145.158203125 1615.1055908203125 2.034561775669768 219236.0 219236.0 0.0
2.0607993602752686 1144.4559326171875 1615.0125732421875 2.00456558387624 194236.0 194236.0 0.0
2.0222585201263428 1144.0697021484375 1614.7935791015625 1.984930913646178 188234.0 188234.0 0.0
1.3125661611557007 1142.747802734375 1614.52294921875 1.7646296071408938 181512.0 181512.0 0.0
1.3703275918960571 1142.2154541015625 1614.305908203125 1.6701154065584665 189023.0 189023.0 0.0
1.370226263999939 1142.2149658203125 1614.3056640625 1.669975701622647 188725.0 189023.0 0.9840000000000008
1.3639919757843018 1142.1883544921875 1614.2933349609375 1.661383848069754 188725.0 188725.0 0.0
0.8689035773277283 1141.15380859375 1613.84814453125 1.571267341076746 223320.0 223320.0 0.0
0.8459900617599487 1140.9560546875 1613.799560546875 1.559461184064916 223322.0 223322.0 0.0
0.681387722492218 1140.0948486328125 1613.614501953125 1.4824820870063646 188365.0 188365.0 0.0
0.6680358052253723 1140.0611572265625 1613.6063232421875 1.4848667902042758 213436.0 188370.0 0.9400000000000007
0.2640722095966339 1139.4666748046875 1613.3870849609375 1.5524103648701657 182064.0 182064.0 0.0
0.2636430561542511 1139.4661865234375 1613.3870849609375 1.5525154403640202 194457.0 182064.0 0.9920000000000008
0.21042954921722412 1139.4132080078125 1613.381103515625 1.5655448016019835 194457.0 194457.0 0.0
-0.07398327440023422 1138.8822021484375 1613.23291015625 1.617181180595682 182038.0 182038.0 0.0
-0.2716391682624817 1138.641845703125 1613.1661376953125 1.6780265747804122 194463.0 213468.0 0.4880000000000004
-0.2728840410709381 1138.6253662109375 1613.14453125 1.6751377119576638 188255.0 194459.0 0.3800000000000003
-0.39740535616874695 1137.6341552734375 1612.6728515625 1.313046916598797 186171.0 186171.0 0.0
-0.6295456886291504 1136.956787109375 1612.5531005859375 1.2495969039181525 186284.0 186284.0 0.0
-0.6588743329048157 1136.55126953125 1612.572021484375 1.2875275161123712 186285.0 186285.0 0.0
-0.6589330434799194 1136.5511474609375 1612.572021484375 1.287514818547501 103399.0 186285.0 0.9880000000000008
-0.6637674570083618 1136.5411376953125 1612.572265625 1.2864693857065248 103399.0 103399.0 0.0
-0.7690147757530212 1135.9630126953125 1612.52392578125 1.2001955258331098 186302.0 186302.0 0.0
-0.8057476282119751 1135.3643798828125 1612.3123779296875 1.1771424188300825 133079.0 133079.0 0.0
-0.8055127263069153 1135.36328125 1612.311767578125 1.1771309667378222 159958.0 133079.0 0.9880000000000008
-0.7861709594726562 1135.26953125 1612.2581787109375 1.176188077808393 159958.0 159958.0 0.0
-0.7861299514770508 1135.2685546875 1612.2576904296875 1.1761069839950586 110311.0 110311.0 0.0
-0.8582949042320251 1134.9775390625 1612.1328125 1.1134210751165021 186201.0 165235.0 0.8960000000000007
-0.7653312683105469 1133.88818359375 1611.81884765625 1.2812246379166414 132447.0 132447.0 0.0
-0.7655717730522156 1133.886962890625 1611.8182373046875 1.2818191002210937 186166.0 132447.0 0.9960000000000008
-0.8254584670066833 1133.5838623046875 1611.6529541015625 1.4298402140297337 186166.0 186166.0 0.0
-0.8092134594917297 1133.4410400390625 1611.58447265625 1.4947243495840137 175239.0 181970.0 0.1440000000000001
-0.6819531321525574 1132.9544677734375 1611.537353515625 1.6135690907804139 181970.0 181970.0 0.0
-0.68043452501297 1132.9512939453125 1611.5360107421875 1.6153421230561378 181399.0 181970.0 0.9920000000000008
-0.4921260178089142 1132.562744140625 1611.364501953125 1.835198125245931 181399.0 181399.0 0.0
-0.25795426964759827 1132.062744140625 1611.44580078125 1.9745113164293118 100963.0 100963.0 0.0
0.3950839042663574 1130.627685546875 1612.2386474609375 1.8511988707759204 104351.0 104351.0 0.0
0.39463645219802856 1130.62646484375 1612.2393798828125 1.8512192042083742 133044.0 104351.0 0.9960000000000008
0.2832222580909729 1130.33203125 1612.4281005859375 1.85628222888936 133044.0 133044.0 0.0
0.29043883085250854 1130.3233642578125 1612.430419921875 1.8550739200379096 82437.0 133044.0 0.9920000000000008
1.1852941513061523 1129.2437744140625 1612.71435546875 1.7052436224580454 82437.0 82437.0 0.0
0.9612213373184204 1127.8250732421875 1612.43505859375 2.1182456685260354 123603.0 123603.0 0.0
0.8376337885856628 1126.826416015625 1612.0350341796875 2.774305377722974 184774.0 184774.0 0.0
-0.1591510772705078 1123.1121826171875 1608.8046875 2.9388855734525263 176969.0 176969.0 0.0
0.038301415741443634 1122.5010986328125 1608.754150390625 3.0921595282368295 184941.0 159955.0 0.8680000000000007
0.0316203348338604 1122.43017578125 1608.7119140625 3.0686411543147205 159955.0 185156.0 0.19600000000000015
0.8372003436088562 1121.459716796875 1608.0843505859375 2.340847355046546 185157.0 185157.0 0.0
0.5190538763999939 1119.6531982421875 1606.06591796875 2.0837132018564195 184958.0 184958.0 0.0
-0.21958401799201965 1119.025146484375 1605.0811767578125 2.8688561132047927 184793.0 184793.0 0.0
0.06366026401519775 1118.8948974609375 1604.861328125 2.679721919870893 185152.0 181676.0 0.3160000000000002
1.4369169473648071 1117.76611328125 1603.1197509765625 2.163904133977653 184978.0 184978.0 0.0
1.117951512336731 1115.80859375 1601.3243408203125 2.8645580163850997 224142.0 165893.0 0.8800000000000007
1.004473090171814 1115.594970703125 1601.1627197265625 3.0163871640868227 185036.0 224141.0 0.11600000000000008
1.0607701539993286 1115.291259765625 1600.9385986328125 3.0774073937852724 190272.0 190273.0 0.8040000000000006
1.2298567295074463 1114.1485595703125 1599.4637451171875 3.4877701618049732 166977.0 166977.0 0.0
1.2850462198257446 1113.54638671875 1598.8775634765625 3.553250024846022 189462.0 200759.0 0.9960000000000008
1.5512887239456177 1112.8582763671875 1598.3665771484375 3.6020597318920773 200760.0 200760.0 0.0
1.5546400547027588 1112.8433837890625 1598.3558349609375 3.6046234219550475 200761.0 200760.0 0.9640000000000007
1.6443796157836914 1112.4461669921875 1598.06982421875 3.673273344752368 200761.0 200761.0 0.0
1.7005244493484497 1111.9305419921875 1597.52783203125 3.7914276227627672 201061.0 201061.0 0.0
1.7558592557907104 1111.80712890625 1597.3199462890625 3.8542952855828028 201632.0 201632.0 0.0
1.7560609579086304 1111.8065185546875 1597.3192138671875 3.8545305034046264 201638.0 201632.0 0.9960000000000008
1.8062934875488281 1111.6534423828125 1597.14404296875 3.9130997410387023 201638.0 201638.0 0.0
1.844719409942627 1111.5120849609375 1597.0238037109375 3.957475281122441 201360.0 201636.0 0.23600000000000018
1.8649765253067017 1111.46142578125 1596.9683837890625 3.978628898469091 201504.0 201504.0 0.0
2.0523970127105713 1111.2845458984375 1596.6895751953125 4.045088096137196 190478.0 190478.0 0.0
2.089233636856079 1111.177001953125 1596.6185302734375 4.038085004815941 190413.0 190116.0 0.1560000000000001
2.1179234981536865 1111.1104736328125 1596.5771484375 4.028629806579938 190256.0 190413.0 0.6720000000000005
2.179208993911743 1111.0283203125 1596.496826171875 4.013828184520244 184934.0 184934.0 0.0
2.3876326084136963 1110.211181640625 1596.1636962890625 3.878055786481214 190456.0 190456.0 0.0
2.7035303115844727 1109.591552734375 1595.8243408203125 3.882101723123595 190491.0 190491.0 0.0
2.751127243041992 1109.5054931640625 1595.7822265625 3.8887422110027092 177827.0 167061.0 0.46000000000000035
2.9731242656707764 1108.927978515625 1595.350341796875 3.841323998342195 178657.0 166349.0 0.10000000000000006
3.004552125930786 1108.844482421875 1595.293701171875 3.845197316213635 178657.0 130196.0 0.1320000000000001
3.115980386734009 1108.373291015625 1595.0465087890625 3.8789039108054424 190747.0 190747.0 0.0
3.3670833110809326 1107.9007568359375 1594.6341552734375 3.9580517516599696 190505.0 190505.0 0.0
3.3671066761016846 1107.9002685546875 1594.6339111328125 3.9580937368569495 190778.0 190505.0 0.9920000000000008
3.370006561279297 1107.845947265625 1594.603759765625 3.963299901282447 190778.0 190778.0 0.0
3.3700053691864014 1107.843505859375 1594.602294921875 3.9634171692571076 190131.0 190778.0 0.9760000000000008
3.3699545860290527 1107.7440185546875 1594.5406494140625 3.9681860668933013 190131.0 190131.0 0.0
