X Y Z MaximumInscribedSphereRadius EdgeArray0 EdgeArray1 EdgePCoordArray
-15.316925048828125 1234.2974853515625 1407.0120849609375 7.418269920689306 245268.0 245268.0 0.0
-15.079861640930176 1233.84375 1407.5753173828125 7.297474430313606 244399.0 244389.0 0.16800000000000012
-14.274852752685547 1231.968505859375 1410.58203125 7.068845503350489 244240.0 244240.0 0.0
-13.964061737060547 1231.7783203125 1411.0517578125 7.030560713914648 45902.0 245257.0 0.6840000000000005
-13.43371868133545 1231.515869140625 1411.919189453125 7.037060332039 245256.0 245256.0 0.0
-12.5549955368042 1229.8231201171875 1417.0875244140625 7.647515326691383 245274.0 245274.0 0.0
-12.17083740234375 1229.77392578125 1417.906982421875 7.8394966356733 246002.0 245272.0 0.7640000000000006
-11.969157218933105 1229.4713134765625 1418.6734619140625 7.823778712890702 245272.0 245628.0 0.7120000000000005
-11.920158386230469 1229.3714599609375 1418.9776611328125 7.821596498382627 259233.0 245628.0 0.9640000000000007
-11.736427307128906 1229.244140625 1419.5023193359375 7.787794855628916 245867.0 245867.0 0.0
-11.73649787902832 1229.244140625 1419.502685546875 7.787745930675648 243982.0 245867.0 0.9880000000000008
-11.742298126220703 1229.2489013671875 1419.5333251953125 7.7837177761899 243982.0 243982.0 0.0
-10.853645324707031 1227.568603515625 1425.3721923828125 6.840667266776291 245247.0 245247.0 0.0
-10.780678749084473 1227.527099609375 1425.5804443359375 6.875217401584415 41808.0 245246.0 0.8280000000000006
-9.477007865905762 1226.6856689453125 1427.678466796875 7.181299163760966 245614.0 245614.0 0.0
-9.475340843200684 1226.6827392578125 1427.687255859375 7.181640187717114 245615.0 245614.0 0.9920000000000008
-9.268632888793945 1226.3154296875 1428.77734375 7.22392715827946 245615.0 245615.0 0.0
-9.268878936767578 1226.3133544921875 1428.783203125 7.2234934948760365 245607.0 245615.0 0.9800000000000008
-9.280915260314941 1226.21435546875 1429.067626953125 7.202243988108255 245607.0 245607.0 0.0
-9.777336120605469 1225.4234619140625 1431.0999755859375 7.027065544328178 53817.0 53817.0 0.0
-9.027993202209473 1223.7564697265625 1435.813720703125 7.37256708345224 245502.0 245502.0 0.0
-8.936595916748047 1223.692138671875 1436.056884765625 7.436352861522386 245503.0 245498.0 0.2960000000000002
-8.732314109802246 1223.5748291015625 1436.432373046875 7.493633635569261 245498.0 245587.0 0.05200000000000002
-8.418329238891602 1222.68603515625 1438.8955078125 7.439336138210146 243543.0 245577.0 0.11200000000000007
-8.571720123291016 1222.392578125 1439.509521484375 7.3363347016031994 244656.0 244222.0 0.9240000000000007
-8.730164527893066 1221.0614013671875 1442.4287109375 7.177673912827855 243863.0 244218.0 0.11200000000000007
-8.379631042480469 1219.83935546875 1444.768798828125 7.641974097874947 244100.0 244100.0 0.0
-8.38320255279541 1219.8319091796875 1444.78369140625 7.644472239540833 245385.0 244100.0 0.9920000000000008
-8.826032638549805 1218.9146728515625 1446.630615234375 7.954241806110809 245385.0 245385.0 0.0
-8.377196311950684 1217.5279541015625 1449.488037109375 8.36603356130906 243480.0 243480.0 0.0
-8.485218048095703 1216.3995361328125 1451.145751953125 8.530809644234479 244087.0 244081.0 0.17200000000000013
-7.974123477935791 1214.77978515625 1453.9862060546875 8.87045922898846 244214.0 244214.0 0.0
-7.942882537841797 1214.5386962890625 1454.2774658203125 8.955553097238033 259025.0 259026.0 0.06400000000000003
-7.608851432800293 1213.92529296875 1455.435791015625 9.072114770917654 256373.0 256373.0 0.0
-7.574357509613037 1213.8421630859375 1455.553466796875 9.070898012311709 245687.0 244073.0 0.032
-7.2047953605651855 1212.9652099609375 1457.421142578125 9.188226545017331 259436.0 259436.0 0.0
-6.765425205230713 1212.0115966796875 1459.3038330078125 8.865571842258053 259433.0 259433.0 0.0
-6.150848865509033 1211.1304931640625 1461.681884765625 8.898789685210694 259013.0 259013.0 0.0
-6.1508378982543945 1211.1304931640625 1461.681884765625 8.898786145766563 259014.0 259013.0 0.9960000000000008
-6.148087978363037 1211.124755859375 1461.68896484375 8.897904824177704 259014.0 259014.0 0.0
-5.932079315185547 1210.380126953125 1462.7626953125 8.754720004557088 259008.0 259008.0 0.0
-5.675193786621094 1209.4813232421875 1464.2080078125 8.778686398536992 256277.0 256277.0 0.0
-5.5008134841918945 1209.035888671875 1465.4873046875 8.73882727966499 256753.0 256753.0 0.0
-5.492336273193359 1209.0128173828125 1465.5673828125 8.738565938680827 256839.0 256840.0 0.7680000000000006
-5.48963737487793 1209.00634765625 1465.5948486328125 8.737138072596542 256840.0 63405.0 0.18400000000000014
-5.281538009643555 1208.4820556640625 1466.9525146484375 8.589533778653719 256812.0 256812.0 0.0
-5.20107889175415 1208.2471923828125 1467.7396240234375 8.545748902839325 255519.0 255519.0 0.0
-5.201039791107178 1208.246826171875 1467.7408447265625 8.545732913467456 255518.0 255519.0 0.9960000000000008
-5.191323280334473 1208.163818359375 1468.03271484375 8.54175155987217 255518.0 255518.0 0.0
-5.071890830993652 1207.666015625 1469.4404296875 8.568741134318518 255515.0 255515.0 0.0
-5.061374664306641 1207.5806884765625 1469.697998046875 8.599553723687691 256439.0 256416.0 0.06800000000000003
-4.942627906799316 1207.2520751953125 1470.7803955078125 8.778409701954622 256416.0 256416.0 0.0
-4.942122459411621 1207.2510986328125 1470.783935546875 8.779286008855854 256390.0 256416.0 0.9880000000000008
-4.900493621826172 1207.1666259765625 1471.074951171875 8.851435277057227 256390.0 256390.0 0.0
-4.900465965270996 1207.1661376953125 1471.0767822265625 8.85186737694535 256428.0 256390.0 0.9840000000000008
-4.898774147033691 1207.134521484375 1471.1883544921875 8.878441520064856 256428.0 256428.0 0.0
-4.898746490478516 1207.134033203125 1471.189697265625 8.87870794829561 256417.0 256428.0 0.9920000000000008
-4.895324230194092 1207.0792236328125 1471.3489990234375 8.911745048908998 256417.0 256417.0 0.0
-4.894837856292725 1207.0770263671875 1471.355712890625 8.913320254551618 256854.0 256417.0 0.9880000000000008
-4.854799747467041 1206.8944091796875 1471.907958984375 9.043012185794028 256854.0 256854.0 0.0
-4.829230308532715 1206.8074951171875 1472.093017578125 9.07137669505154 256858.0 65944.0 0.23600000000000018
-4.728984832763672 1206.6009521484375 1472.7276611328125 9.111015852694425 53982.0 53982.0 0.0
-4.734837055206299 1206.268310546875 1473.55615234375 9.09041250619826 62082.0 62105.0 0.2920000000000002
-4.7786688804626465 1206.060791015625 1474.520263671875 8.999050293393294 62103.0 62103.0 0.0
-4.800622463226318 1206.02490234375 1474.76953125 8.96999363676688 56670.0 56670.0 0.0
-4.842060565948486 1204.9779052734375 1478.127685546875 8.38873048268218 53831.0 53831.0 0.0
-5.1198554039001465 1204.6312255859375 1479.46435546875 8.043738071860204 56538.0 56646.0 0.4080000000000003
-5.175266265869141 1204.515380859375 1480.11083984375 7.874574709940303 56648.0 56558.0 0.5440000000000004
-5.139437675476074 1204.3594970703125 1482.0606689453125 7.410104769773631 43620.0 43620.0 0.0
-5.139340400695801 1204.3594970703125 1482.061279296875 7.4099703422378616 56727.0 43620.0 0.9800000000000008
-5.134573459625244 1204.357421875 1482.0887451171875 7.403383392985136 56727.0 56727.0 0.0
-5.017898082733154 1204.0465087890625 1484.9031982421875 6.905906829857883 56720.0 56720.0 0.0
-5.013301372528076 1204.0357666015625 1485.03515625 6.892094112987406 61987.0 56542.0 0.45200000000000035
-5.017170429229736 1203.82666015625 1486.404541015625 6.817769373397848 61991.0 61991.0 0.0
-4.923669338226318 1203.6904296875 1487.399658203125 6.896017274489756 61990.0 61988.0 0.7640000000000006
-4.883737087249756 1203.642822265625 1487.837158203125 6.921528000150454 61984.0 61988.0 0.3040000000000002
-4.877399921417236 1203.5595703125 1488.2406005859375 6.960407226955519 61984.0 61965.0 0.5880000000000004
-4.885629653930664 1203.5164794921875 1488.4998779296875 6.982014518473833 53832.0 61965.0 0.9920000000000008
-4.881469249725342 1203.5054931640625 1488.7913818359375 6.986930026704163 61982.0 61982.0 0.0
-4.821014404296875 1203.5040283203125 1490.0975341796875 7.0958502830660475 61983.0 61983.0 0.0
-4.820486068725586 1203.514892578125 1490.3492431640625 7.138864142062174 56711.0 61974.0 0.36800000000000027
-4.867640495300293 1203.4857177734375 1490.92822265625 7.199504131268893 257966.0 257966.0 0.0
-4.867528438568115 1203.48583984375 1490.93359375 7.19983355681453 257941.0 257966.0 0.9880000000000008
-4.858310222625732 1203.497314453125 1491.3720703125 7.226956260072036 257941.0 257941.0 0.0
-4.857983589172363 1203.4979248046875 1491.3809814453125 7.228015642173094 256234.0 257941.0 0.9920000000000008
-4.817471981048584 1203.5791015625 1492.4808349609375 7.359379022704227 256234.0 256234.0 0.0
-4.7676849365234375 1203.6375732421875 1493.0521240234375 7.467315915843488 256968.0 256965.0 0.9640000000000007
-4.637073040008545 1203.8038330078125 1493.921630859375 7.628842069952897 256201.0 256206.0 0.8760000000000007
-4.549408435821533 1203.771728515625 1494.728515625 7.6768383057086105 56433.0 256256.0 0.9360000000000007
-4.3996124267578125 1204.1766357421875 1497.620849609375 8.090227404494215 66135.0 242938.0 0.4960000000000004
-4.33538818359375 1204.5145263671875 1498.381591796875 8.14796394008294 62188.0 66148.0 0.2920000000000002
-4.276776313781738 1204.8170166015625 1500.079345703125 8.260603873076631 257065.0 66148.0 0.36400000000000027
-4.162643909454346 1204.998291015625 1501.09912109375 8.372963438062584 257067.0 56350.0 0.10800000000000007
-4.01038122177124 1205.1280517578125 1501.8017578125 8.48371324971375 257059.0 257059.0 0.0
-3.903122901916504 1205.2889404296875 1502.3480224609375 8.612814489752058 256239.0 257061.0 0.7880000000000006
-3.860177516937256 1205.3118896484375 1502.8319091796875 8.639890551805589 64072.0 257063.0 0.8080000000000006
-3.602351188659668 1205.8050537109375 1506.0604248046875 9.060110898792304 256192.0 256192.0 0.0
-3.6090493202209473 1205.87109375 1508.0406494140625 9.153587355104037 41803.0 41803.0 0.0
-3.4498298168182373 1206.236083984375 1509.536865234375 9.168869617480443 256175.0 256175.0 0.0
-3.4049103260040283 1206.17626953125 1513.265869140625 9.25008447181716 255585.0 255585.0 0.0
-3.419847249984741 1206.100830078125 1513.5118408203125 9.239931111825832 63284.0 63284.0 0.0
-3.433976888656616 1206.0712890625 1516.2640380859375 8.798297637207028 11943.0 11943.0 0.0
-3.4369688034057617 1206.2269287109375 1517.3984375 8.69728509356056 30795.0 66049.0 0.9720000000000008
-3.485520124435425 1206.3524169921875 1518.00146484375 8.65858120810906 255592.0 255592.0 0.0
-3.6387627124786377 1206.665771484375 1519.1016845703125 8.623829955673184 64002.0 55258.0 0.048000000000000015
-3.834867477416992 1207.5015869140625 1520.6864013671875 8.507010999428653 62818.0 62818.0 0.0
-3.122185230255127 1207.5169677734375 1524.996337890625 6.587742620661288 55075.0 55075.0 0.0
-3.1649701595306396 1208.00927734375 1528.8895263671875 6.328448145628676 63037.0 63037.0 0.0
-3.1682868003845215 1208.0162353515625 1528.9134521484375 6.33364069941407 66328.0 63037.0 0.9880000000000008
-3.441354751586914 1208.5843505859375 1530.8807373046875 6.761160961078197 66328.0 66328.0 0.0
-3.1370983123779297 1208.0018310546875 1531.8895263671875 6.262642625605126 66216.0 44698.0 0.7280000000000005
-3.058758497238159 1207.7645263671875 1532.43701171875 6.041423730258822 63225.0 44698.0 0.7760000000000006
-2.7695956230163574 1206.9840087890625 1534.395751953125 5.4337743694870335 64645.0 64645.0 0.0
-2.770455837249756 1206.9805908203125 1534.4056396484375 5.432653251840502 255693.0 64645.0 0.9920000000000008
-2.8771159648895264 1206.5643310546875 1535.636474609375 5.293634663670724 255693.0 255693.0 0.0
-3.0427863597869873 1206.26025390625 1537.05859375 5.357402741019834 255854.0 255890.0 0.12800000000000009
-3.054428815841675 1206.218017578125 1537.1661376953125 5.357095780688591 255897.0 255855.0 0.9040000000000007
-3.0768845081329346 1206.1544189453125 1537.360595703125 5.375251514855202 255853.0 255855.0 0.8240000000000006
-3.3221511840820312 1205.765380859375 1538.2364501953125 5.370726182186402 255662.0 255853.0 0.8080000000000006
-3.5843589305877686 1205.260986328125 1539.530029296875 5.588733017481133 33860.0 255849.0 0.06800000000000003
-3.6515142917633057 1205.0767822265625 1540.0721435546875 5.7347040392624296 256086.0 256001.0 0.5840000000000004
-3.6502482891082764 1205.0457763671875 1540.171630859375 5.761610254115605 256001.0 255889.0 0.5520000000000004
-3.525834798812866 1204.4375 1541.3607177734375 6.102438876979317 255691.0 33654.0 0.11200000000000007
-3.5202083587646484 1204.4044189453125 1541.416015625 6.12318734575829 255691.0 256088.0 0.20400000000000015
-3.578983783721924 1204.0885009765625 1541.9388427734375 6.3043672203945 255841.0 255892.0 0.8400000000000006
-3.570699453353882 1203.9630126953125 1542.1636962890625 6.391963268221747 64866.0 255840.0 0.6960000000000005
-3.638319969177246 1203.8050537109375 1542.4981689453125 6.495836787113094 255881.0 33981.0 0.9480000000000007
-3.6428182125091553 1203.8033447265625 1542.515869140625 6.4956685511211925 64619.0 58073.0 0.04000000000000001
-3.657611608505249 1203.796142578125 1542.576416015625 6.495060735871454 64872.0 64619.0 0.4160000000000003
-3.662087917327881 1203.791259765625 1542.6201171875 6.49480303288302 64872.0 64872.0 0.0
-3.75134015083313 1203.6903076171875 1543.489990234375 6.552807627048235 64949.0 64949.0 0.0
-3.7516608238220215 1203.689697265625 1543.4930419921875 6.553142456838257 60580.0 64949.0 0.9960000000000008
-3.831489086151123 1203.534912109375 1544.2520751953125 6.636515074553652 60580.0 60580.0 0.0
-3.9383432865142822 1203.2374267578125 1545.2413330078125 6.794469566034021 40743.0 40743.0 0.0
-4.0558576583862305 1203.2177734375 1546.3243408203125 6.838668842097166 67224.0 64885.0 0.9640000000000007
-4.81240701675415 1202.0615234375 1549.707763671875 7.078178963189119 46316.0 40583.0 0.9480000000000007
-4.869235992431641 1202.1436767578125 1550.295166015625 7.0053633480370525 40583.0 39647.0 0.9720000000000008
-4.880152225494385 1202.146240234375 1550.3128662109375 7.0042238216192265 39647.0 77525.0 0.004
-6.517670631408691 1201.3121337890625 1555.2838134765625 7.1881038022262285 11803.0 79856.0 0.3040000000000002
-6.949281692504883 1201.4111328125 1556.9747314453125 7.487427226299433 47022.0 47022.0 0.0
-7.321978569030762 1200.2537841796875 1558.931640625 7.437396638737261 36024.0 76140.0 0.6680000000000005
-7.377193927764893 1200.271728515625 1559.70361328125 7.178021474556644 76098.0 76140.0 0.3160000000000002
-7.341668605804443 1200.235595703125 1560.2275390625 7.052358910623219 76098.0 75164.0 0.05600000000000002
-7.610217571258545 1200.98291015625 1562.5245361328125 6.18008718820986 74792.0 74792.0 0.0
-7.753066062927246 1201.2525634765625 1563.0888671875 6.005313883030215 75121.0 75121.0 0.0
-7.866982460021973 1201.346923828125 1563.5286865234375 5.84205346936008 75050.0 75050.0 0.0
-7.901342391967773 1201.349365234375 1563.65576171875 5.786097237215643 75965.0 75965.0 0.0
-7.901373386383057 1201.349365234375 1563.6558837890625 5.786041542258028 27861.0 75965.0 0.9960000000000008
-7.909059047698975 1201.3489990234375 1563.6861572265625 5.772173497811887 27861.0 27861.0 0.0
-7.967677593231201 1201.3502197265625 1563.9595947265625 5.649797494007335 75045.0 75045.0 0.0
-8.114466667175293 1201.3787841796875 1564.884521484375 5.305537337120152 75192.0 75192.0 0.0
-8.310914993286133 1201.486328125 1565.7646484375 5.034152979129614 75203.0 75203.0 0.0
-8.889649391174316 1201.7547607421875 1566.748779296875 4.639111639950646 75204.0 75204.0 0.0
-9.034979820251465 1201.784423828125 1566.951171875 4.5361948761174995 75217.0 75217.0 0.0
-8.997027397155762 1201.5897216796875 1568.0943603515625 4.494635638012033 53465.0 53465.0 0.0
-8.859694480895996 1201.55078125 1568.2943115234375 4.550223572250227 75057.0 39649.0 0.8880000000000007
-8.630560874938965 1201.3602294921875 1568.6915283203125 4.582626838171802 74967.0 52587.0 0.4880000000000004
-8.318441390991211 1201.1329345703125 1569.27783203125 4.65899655223467 52674.0 52675.0 0.9640000000000007
-8.28940486907959 1201.1163330078125 1569.3302001953125 4.668392492106783 52675.0 52958.0 0.2440000000000002
-8.228643417358398 1201.0263671875 1569.7513427734375 4.675152963937009 52617.0 52617.0 0.0
-8.228466033935547 1201.0262451171875 1569.752197265625 4.675217818403105 52965.0 52617.0 0.9960000000000008
-8.18437385559082 1200.986572265625 1569.9801025390625 4.691366580461026 52965.0 52965.0 0.0
-8.184162139892578 1200.986328125 1569.9813232421875 4.691483841372223 52903.0 52965.0 0.9840000000000008
-8.171121597290039 1200.9732666015625 1570.0579833984375 4.698695387410859 52903.0 52903.0 0.0
-8.170910835266113 1200.97314453125 1570.0589599609375 4.698812264574908 52943.0 52903.0 0.9960000000000008
-8.118318557739258 1200.9381103515625 1570.3043212890625 4.727914678423179 52943.0 52943.0 0.0
-8.047236442565918 1200.851806640625 1570.6600341796875 4.76419431978784 52517.0 52517.0 0.0
-7.901543617248535 1200.6854248046875 1571.1044921875 4.770805972590045 52975.0 52975.0 0.0
-7.758520126342773 1200.6156005859375 1571.368408203125 4.7757492961999075 52989.0 52989.0 0.0
-7.7507219314575195 1200.61474609375 1571.3809814453125 4.774545396805091 13007.0 35994.0 0.9880000000000008
-7.53271484375 1200.5211181640625 1572.1885986328125 4.761117450288142 52416.0 52416.0 0.0
-7.480358600616455 1200.5123291015625 1572.274169921875 4.7541019200407435 34493.0 34989.0 0.05600000000000002
-7.172016143798828 1200.42626953125 1573.18505859375 4.730681358250396 49138.0 52432.0 0.028
-6.567117691040039 1200.3045654296875 1574.07470703125 4.815612017420805 34443.0 34443.0 0.0
-6.496244430541992 1200.21484375 1574.3372802734375 4.850146798212427 48714.0 48714.0 0.0
-6.203108787536621 1200.1400146484375 1574.8310546875 4.924295186091654 48122.0 34113.0 0.8880000000000007
-6.094593524932861 1200.0616455078125 1575.049560546875 4.927932017185913 48540.0 34451.0 0.16400000000000012
-5.660503387451172 1199.5567626953125 1576.037841796875 5.01201951286617 48221.0 52054.0 0.5600000000000004
-5.493241786956787 1199.395751953125 1576.5079345703125 5.120907317873147 52054.0 52051.0 0.33600000000000024
-5.2596540451049805 1199.056884765625 1577.4000244140625 5.296960065662157 52051.0 20373.0 0.07200000000000004
-5.250059604644775 1199.0198974609375 1577.4862060546875 5.314133426704285 52051.0 52051.0 0.0
-5.249923229217529 1199.0194091796875 1577.4873046875 5.314502889867828 28166.0 52051.0 0.9960000000000008
-5.2159104347229 1198.9083251953125 1577.74609375 5.406499217590003 28166.0 28166.0 0.0
-5.009974002838135 1198.644287109375 1578.2918701171875 5.623696681262653 90520.0 90520.0 0.0
-5.009515762329102 1198.643310546875 1578.29296875 5.623946564180358 70186.0 90520.0 0.9960000000000008
-4.895431995391846 1198.40478515625 1578.557861328125 5.686167410688786 70186.0 70186.0 0.0
-4.845621585845947 1196.960693359375 1582.338134765625 6.057164183868515 31410.0 31410.0 0.0
-4.845170497894287 1196.957763671875 1582.341796875 6.058219300298664 90537.0 31410.0 0.9960000000000008
-4.732903003692627 1196.2310791015625 1583.2528076171875 6.320943291405807 90537.0 90537.0 0.0
-4.6751604080200195 1195.8428955078125 1584.05322265625 6.489334255345005 90540.0 90536.0 0.47600000000000037
-4.742090225219727 1195.7010498046875 1584.54541015625 6.492639717504017 90538.0 90469.0 0.032
-4.783064842224121 1195.3233642578125 1585.4410400390625 6.527091161986658 90416.0 88803.0 0.6880000000000005
-4.733641624450684 1194.0762939453125 1587.6473388671875 6.899272920173452 90733.0 90733.0 0.0
-4.776971817016602 1193.85595703125 1588.0491943359375 6.917326399237795 90742.0 90547.0 0.10800000000000007
-5.200267314910889 1192.0487060546875 1590.35595703125 7.2436910984955825 85789.0 90188.0 0.5600000000000004
-5.472641468048096 1191.472412109375 1591.42724609375 7.507788711800822 88623.0 50991.0 0.6400000000000005
-6.038562297821045 1189.735107421875 1593.20166015625 7.988454537917274 91431.0 91431.0 0.0
-6.141444683074951 1189.4417724609375 1593.62890625 8.11665717675679 88643.0 88643.0 0.0
-6.761193752288818 1188.21435546875 1594.5931396484375 8.190064033792181 91433.0 91433.0 0.0
-6.830807685852051 1188.154541015625 1594.64697265625 8.18521413079152 249028.0 70368.0 0.6000000000000004
-6.875380992889404 1188.105712890625 1594.6949462890625 8.185658421121099 70368.0 249030.0 0.008
-7.8936767578125 1186.3785400390625 1596.413330078125 8.581827271410305 101964.0 101964.0 0.0
-8.124448776245117 1185.7342529296875 1596.8365478515625 8.716125562912277 248945.0 91546.0 0.8360000000000006
-8.54037857055664 1183.2427978515625 1596.2099609375 7.517080081376615 101872.0 101872.0 0.0
-8.598786354064941 1182.97900390625 1596.2379150390625 7.428295146017987 249014.0 210630.0 0.20000000000000015
-8.617314338684082 1182.8980712890625 1596.239013671875 7.397073210950836 249014.0 152645.0 0.09200000000000005
-8.749553680419922 1182.226318359375 1596.1820068359375 7.100240112556824 249011.0 153758.0 0.2960000000000002
-8.799276351928711 1181.8895263671875 1596.17578125 6.979253937729432 249011.0 249065.0 0.20800000000000016
-8.303075790405273 1180.0157470703125 1595.841064453125 5.7674170992450335 170142.0 170142.0 0.0
-8.303016662597656 1180.0155029296875 1595.841064453125 5.767243595790404 170144.0 170142.0 0.9960000000000008
-8.288386344909668 1179.9532470703125 1595.8531494140625 5.724041235587704 170144.0 170144.0 0.0
-8.282449722290039 1179.9259033203125 1595.851318359375 5.707194189596497 152447.0 249063.0 0.028
-7.828269004821777 1178.4000244140625 1595.792236328125 4.79596344602132 142032.0 126572.0 0.3960000000000003
-7.708591938018799 1177.925537109375 1595.7730712890625 4.571713665743227 102001.0 170137.0 0.6840000000000005
-7.518240928649902 1177.4439697265625 1595.838134765625 4.303961733287011 168324.0 144411.0 0.7240000000000005
-7.35078239440918 1176.961181640625 1595.9161376953125 4.064783609082983 144108.0 101977.0 0.6800000000000005
-7.145330905914307 1176.4505615234375 1596.01025390625 3.8403566586683855 144151.0 168318.0 0.22000000000000017
-7.012847900390625 1176.068115234375 1596.0975341796875 3.6917439471719287 168332.0 168328.0 0.8680000000000007
-6.9796366691589355 1175.986083984375 1596.1202392578125 3.6600279422269866 168333.0 168330.0 0.7880000000000006
-6.836491584777832 1175.5892333984375 1596.269775390625 3.5080472672914698 168303.0 168303.0 0.0
-6.789612770080566 1175.4078369140625 1596.3389892578125 3.4418621276413806 168325.0 168322.0 0.9680000000000007
-6.774689197540283 1175.2117919921875 1596.3975830078125 3.3523901428895493 168323.0 168323.0 0.0
-6.740954875946045 1174.4530029296875 1596.5184326171875 3.0442642097944064 102021.0 102021.0 0.0
-6.7298359870910645 1174.3050537109375 1596.5322265625 2.993609640806723 152448.0 152230.0 0.34400000000000025
-6.752286434173584 1173.933837890625 1596.6043701171875 2.859979611198948 152230.0 153111.0 0.5040000000000003
-6.769542694091797 1173.50146484375 1596.7049560546875 2.7200488899093376 72725.0 72725.0 0.0
-6.762919902801514 1173.290283203125 1596.73388671875 2.655574435354146 168412.0 144097.0 0.032
-6.765232086181641 1173.2225341796875 1596.7462158203125 2.6411094586597357 152685.0 168412.0 0.9000000000000007
-6.84261417388916 1172.5467529296875 1596.7838134765625 2.4649545514506226 152685.0 153745.0 0.2680000000000002
-6.880735874176025 1172.371826171875 1596.8001708984375 2.4256610859446175 142138.0 144129.0 0.7600000000000006
-6.918747901916504 1171.9515380859375 1596.7984619140625 2.3315708703745193 152453.0 175232.0 0.47600000000000037
-7.080491542816162 1171.3179931640625 1596.7559814453125 2.231258469551967 101920.0 101920.0 0.0
-7.126091957092285 1171.221435546875 1596.7330322265625 2.2228403306341247 101910.0 153147.0 0.09200000000000005
-7.458353042602539 1170.434326171875 1596.67333984375 2.306112116760642 152485.0 152485.0 0.0
-7.458742618560791 1170.4337158203125 1596.67333984375 2.3061978181447294 152487.0 152485.0 0.9600000000000007
-7.46809720993042 1170.41943359375 1596.672119140625 2.308254651362821 152487.0 152487.0 0.0
-7.508939266204834 1170.0751953125 1596.5166015625 2.175150155813969 152483.0 152483.0 0.0
-7.579543590545654 1169.211181640625 1596.24365234375 2.0078370291529977 142147.0 142147.0 0.0
-7.731554985046387 1168.6497802734375 1596.18701171875 2.1321840412764117 142146.0 142157.0 0.33200000000000024
-7.836626052856445 1167.462646484375 1596.359130859375 2.3690543546207854 110605.0 110605.0 0.0
-7.440685749053955 1166.648193359375 1596.2523193359375 2.54742905032399 168457.0 168457.0 0.0
-7.998528003692627 1165.30908203125 1596.6014404296875 2.23299981683101 127390.0 127390.0 0.0
-7.990773677825928 1165.11376953125 1596.553955078125 2.2500254022428936 142123.0 126885.0 0.060000000000000026
-7.990127086639404 1164.54833984375 1596.4107666015625 2.3034136177266076 102017.0 132446.0 0.7640000000000006
-7.701319694519043 1162.3480224609375 1596.23095703125 2.6507188660830168 144043.0 144043.0 0.0
-7.7014079093933105 1162.347900390625 1596.2310791015625 2.6506866013167443 173774.0 144043.0 0.9960000000000008
-7.723320960998535 1162.3184814453125 1596.2529296875 2.642652674514917 173774.0 173774.0 0.0
-8.222280502319336 1159.7828369140625 1596.7774658203125 2.1931136176545873 173865.0 173865.0 0.0
-8.010008811950684 1158.6536865234375 1596.3812255859375 2.2464585654609754 173872.0 173872.0 0.0
-7.827996253967285 1157.90478515625 1596.153076171875 2.607851512030085 144054.0 173752.0 0.36000000000000026
-8.083661079406738 1157.345703125 1596.424560546875 2.458808375777976 173860.0 173860.0 0.0
-8.062406539916992 1155.4678955078125 1596.466796875 1.959940302656517 173745.0 164189.0 0.9640000000000007
-7.862882614135742 1154.66796875 1596.26025390625 2.0911631029374065 164189.0 172855.0 0.6480000000000005
-7.756138324737549 1154.2333984375 1596.1466064453125 2.1625184790353686 172855.0 172855.0 0.0
-7.751081943511963 1154.2242431640625 1596.1414794921875 2.166516978886029 155806.0 172855.0 0.9880000000000008
-7.334766387939453 1153.4698486328125 1595.7159423828125 2.4957267999237254 155806.0 155806.0 0.0
-7.385583400726318 1153.1492919921875 1595.846435546875 2.344270384539983 173652.0 173652.0 0.0
-7.419776439666748 1152.23828125 1596.0628662109375 2.010350203003103 173738.0 173738.0 0.0
-7.419617176055908 1152.234375 1596.06298828125 2.0098427577563522 173687.0 173738.0 0.9960000000000008
-7.379951477050781 1151.248779296875 1596.0831298828125 1.8834888913152983 173687.0 173687.0 0.0
-7.286839485168457 1150.4404296875 1595.89013671875 1.9584135223983297 173665.0 141820.0 0.9880000000000008
-7.063453197479248 1149.16552734375 1595.2125244140625 2.5009774267028466 110491.0 109546.0 0.2600000000000002
-7.08772087097168 1149.135498046875 1595.2213134765625 2.485180955493144 132455.0 133131.0 0.7400000000000005
-7.696613788604736 1147.5614013671875 1595.407958984375 1.8660081749143778 141518.0 141518.0 0.0
-7.723121643066406 1147.2308349609375 1595.32763671875 1.875829696679712 141519.0 141529.0 0.22400000000000017
-7.709939956665039 1146.089111328125 1595.1964111328125 1.879303615615046 141529.0 141529.0 0.0
-7.709939956665039 1146.089111328125 1595.1964111328125 1.8793094284156315 141528.0 141529.0 0.9880000000000008
-7.709920883178711 1146.087890625 1595.1961669921875 1.8797880156638491 141528.0 141528.0 0.0
-7.510807037353516 1145.32177734375 1594.760498046875 2.0812151148364135 141487.0 141487.0 0.0
-7.130441188812256 1144.760498046875 1594.728759765625 2.388550566502003 141526.0 141526.0 0.0
-7.088466644287109 1144.5924072265625 1594.8231201171875 2.389839629135494 19434.0 19434.0 0.0
-7.0020575523376465 1142.8731689453125 1594.922607421875 2.3000794972394676 109558.0 109558.0 0.0
-7.2579026222229 1141.7662353515625 1594.3477783203125 2.341683676633261 133366.0 133366.0 0.0
-7.68740701675415 1141.234375 1594.4044189453125 2.132493097041706 141539.0 141539.0 0.0
-8.310649871826172 1139.6981201171875 1594.2271728515625 1.9503475010882743 80989.0 80989.0 0.0
-8.342965126037598 1139.398681640625 1594.1092529296875 1.9527936399964139 155735.0 141475.0 0.32400000000000023
-8.361430168151855 1138.6715087890625 1593.9515380859375 2.0477456217846166 155736.0 155736.0 0.0
-8.435002326965332 1137.10986328125 1594.099609375 2.0774846986050557 141676.0 141676.0 0.0
-8.441877365112305 1137.099853515625 1594.0982666015625 2.078405225068397 155716.0 141576.0 0.9960000000000008
-8.841168403625488 1136.131591796875 1594.3079833984375 2.1649543240499867 141490.0 155714.0 0.8840000000000007
-8.872879981994629 1136.036376953125 1594.336669921875 2.1729576721975556 155714.0 132516.0 0.02
-8.877201080322266 1136.0186767578125 1594.343505859375 2.174323185155072 155714.0 155714.0 0.0
-8.92110538482666 1135.9027099609375 1594.382568359375 2.2148643594081414 141491.0 141491.0 0.0
-9.181764602661133 1135.5369873046875 1594.506591796875 2.366770862912972 155709.0 155709.0 0.0
-9.505615234375 1133.9110107421875 1594.6260986328125 2.0120189688294334 133149.0 133149.0 0.0
-9.933372497558594 1133.044189453125 1595.0574951171875 2.1385557906268113 133746.0 141612.0 0.2960000000000002
-10.085942268371582 1132.7103271484375 1595.235107421875 2.191421451531181 133746.0 133735.0 0.33200000000000024
-10.108977317810059 1132.5106201171875 1595.1910400390625 2.144467326392473 132481.0 132583.0 0.47600000000000037
-10.356520652770996 1131.271484375 1595.1370849609375 2.051095667198801 155451.0 155451.0 0.0
-10.415979385375977 1130.81103515625 1595.2435302734375 2.1120528947309944 102543.0 133724.0 0.08400000000000005
-10.417673110961914 1130.77294921875 1595.254150390625 2.1168281493972203 102543.0 102543.0 0.0
-10.417733192443848 1130.77099609375 1595.254638671875 2.117471919282008 133760.0 102543.0 0.9960000000000008
-10.432632446289062 1130.275390625 1595.3798828125 2.2777706205941843 133760.0 133760.0 0.0
-10.43258285522461 1130.2750244140625 1595.3798828125 2.277824962084593 133452.0 133760.0 0.9960000000000008
-10.420196533203125 1130.178466796875 1595.37744140625 2.291355993196378 133452.0 133452.0 0.0
-10.411121368408203 1129.8936767578125 1595.415771484375 2.3035577580754154 180025.0 180025.0 0.0
-10.399235725402832 1129.382080078125 1595.4654541015625 2.4015013992528464 155625.0 132508.0 0.7360000000000005
-10.429469108581543 1129.0859375 1595.5355224609375 2.461947545117766 133772.0 155625.0 0.024
-10.429259300231934 1129.0797119140625 1595.53759765625 2.462908201721373 133772.0 133772.0 0.0
-10.429286003112793 1129.078369140625 1595.5380859375 2.4631984424219335 155617.0 133772.0 0.9840000000000008
-10.430916786193848 1128.99755859375 1595.5650634765625 2.481048245506415 155617.0 155617.0 0.0
-10.428606986999512 1128.8731689453125 1595.611572265625 2.511094958746094 155696.0 155696.0 0.0
-10.428423881530762 1128.8680419921875 1595.61328125 2.5127819260552977 132679.0 155696.0 0.9880000000000008
-10.413382530212402 1128.443359375 1595.7568359375 2.6516755678464343 132679.0 132679.0 0.0
-10.385961532592773 1128.3773193359375 1595.7757568359375 2.6570550787761507 133339.0 133286.0 0.4280000000000003
-10.355515480041504 1128.2999267578125 1595.8118896484375 2.6519083523008558 155604.0 133286.0 0.6040000000000004
-10.326943397521973 1127.4189453125 1596.1834716796875 2.650422757299732 121532.0 121532.0 0.0
-10.26145076751709 1126.9248046875 1596.416259765625 2.7614155114418386 132672.0 132672.0 0.0
-10.210556983947754 1126.779541015625 1596.482177734375 2.7860074288656245 83311.0 133351.0 0.21600000000000016
-10.175095558166504 1126.59521484375 1596.5306396484375 2.7897397469302008 133351.0 133297.0 0.2600000000000002
-10.160531044006348 1126.155517578125 1596.5811767578125 2.752968614049463 131476.0 133297.0 0.4240000000000003
-10.157295227050781 1126.042236328125 1596.6033935546875 2.7494215286660344 120953.0 131476.0 0.6880000000000005
-10.092779159545898 1125.6229248046875 1596.6773681640625 2.7434691570831773 151328.0 151328.0 0.0
-10.058624267578125 1125.4493408203125 1596.744140625 2.7522474676074626 151329.0 151325.0 0.9880000000000008
-10.058304786682129 1125.4462890625 1596.7447509765625 2.7524784685458283 151325.0 121256.0 0.004
-10.006869316101074 1125.1064453125 1596.7789306640625 2.7653791148952287 151316.0 133299.0 0.47200000000000036
-9.944710731506348 1124.732177734375 1596.797607421875 2.7724583056622816 119008.0 119008.0 0.0
-9.84203052520752 1124.4969482421875 1596.8140869140625 2.760875539663108 133284.0 96975.0 0.08000000000000004
-9.513042449951172 1123.3974609375 1596.9759521484375 2.8580739750633493 131205.0 131205.0 0.0
-9.21135425567627 1122.8685302734375 1596.9949951171875 2.961646781225218 131499.0 131499.0 0.0
-8.783910751342773 1121.5325927734375 1597.2510986328125 3.3304069955105837 151254.0 151254.0 0.0
-8.77284049987793 1121.2779541015625 1597.29296875 3.316702127646325 151258.0 151258.0 0.0
-8.265363693237305 1119.2042236328125 1597.0853271484375 3.4276243915497644 133246.0 133246.0 0.0
-8.228636741638184 1118.9742431640625 1597.0728759765625 3.4834026981188897 123121.0 123122.0 0.7240000000000005
-8.226907730102539 1118.88427734375 1597.086181640625 3.4945028095333726 121803.0 123121.0 0.5160000000000003
-8.221128463745117 1118.7288818359375 1597.1072998046875 3.517025758820732 123120.0 121803.0 0.1320000000000001
-8.222247123718262 1118.7073974609375 1597.107666015625 3.5184658636128052 123120.0 123120.0 0.0
-8.259187698364258 1118.4080810546875 1597.1097412109375 3.5374690621644516 122816.0 122816.0 0.0
-8.291749954223633 1118.20458984375 1597.1058349609375 3.549538996547879 125178.0 125178.0 0.0
-8.35959243774414 1117.8328857421875 1597.1104736328125 3.5843133405779244 122838.0 122838.0 0.0
-8.384675979614258 1117.712890625 1597.109619140625 3.598039540429579 122885.0 125193.0 0.9000000000000007
-8.48678207397461 1117.2777099609375 1597.1297607421875 3.664362393570781 125188.0 122848.0 0.7280000000000005
-8.520354270935059 1117.197021484375 1597.124267578125 3.668515367433746 125203.0 122848.0 0.5520000000000004
-8.764644622802734 1116.713134765625 1597.0035400390625 3.6943376879590404 122859.0 122859.0 0.0
-8.7833833694458 1116.6787109375 1596.998046875 3.698074355420051 125168.0 125071.0 0.20400000000000015
-9.01130199432373 1116.2745361328125 1596.898681640625 3.746873099801894 125191.0 125191.0 0.0
-9.011425971984863 1116.2742919921875 1596.898681640625 3.7469294017382517 123126.0 125191.0 0.9960000000000008
-9.042218208312988 1116.212158203125 1596.895751953125 3.7609485838912824 123126.0 123126.0 0.0
-9.24368667602539 1115.806396484375 1596.8602294921875 3.8676770886466594 125355.0 125334.0 0.06800000000000003
-9.334817886352539 1115.6358642578125 1596.8555908203125 3.9224406288997997 125334.0 125196.0 0.5200000000000004
-9.499401092529297 1115.3033447265625 1596.8497314453125 4.048172473543271 123050.0 125196.0 0.17200000000000013
-9.536879539489746 1115.2529296875 1596.8328857421875 4.060986227820927 123050.0 123050.0 0.0
-9.693345069885254 1115.023193359375 1596.79443359375 4.144624993279091 125347.0 125332.0 0.9360000000000007
-9.75361156463623 1114.943359375 1596.769287109375 4.172661073559635 125320.0 125335.0 0.07600000000000004
-9.833852767944336 1114.67626953125 1596.6953125 4.206857985378999 125062.0 125062.0 0.0
-9.834159851074219 1114.6754150390625 1596.695068359375 4.206964982423428 121458.0 125062.0 0.9880000000000008
-9.859454154968262 1114.603271484375 1596.6773681640625 4.215774405748109 121458.0 121458.0 0.0
-9.907137870788574 1114.4464111328125 1596.6278076171875 4.228142909891358 105668.0 120574.0 0.08000000000000004
-10.016409873962402 1114.07763671875 1596.467529296875 4.243668747398275 125033.0 120574.0 0.2800000000000002
-10.151322364807129 1113.6337890625 1596.30078125 4.294322047285475 125059.0 125059.0 0.0
-10.167076110839844 1113.5484619140625 1596.2890625 4.3019109908094615 102461.0 92941.0 0.48000000000000037
-10.166632652282715 1113.1773681640625 1596.19384765625 4.273566187959336 120478.0 120478.0 0.0
-10.196453094482422 1112.45166015625 1596.062744140625 4.258112268781195 96886.0 122616.0 0.07200000000000004
-10.195452690124512 1112.402099609375 1596.048095703125 4.2563779092770675 96886.0 121185.0 0.3040000000000002
-10.175610542297363 1112.066650390625 1595.9993896484375 4.227981855600979 124476.0 124476.0 0.0
-10.54670524597168 1111.1151123046875 1595.6097412109375 4.224346805154064 124602.0 124602.0 0.0
-10.556439399719238 1111.06884765625 1595.6082763671875 4.22214773553277 120566.0 120843.0 0.17600000000000013
-10.596643447875977 1110.3116455078125 1595.4686279296875 4.107904758846717 124453.0 124649.0 0.6240000000000004
-10.750272750854492 1109.6571044921875 1595.2408447265625 4.115562008525528 124597.0 124597.0 0.0
-10.79864501953125 1109.302734375 1595.1982421875 4.137341654415605 120557.0 102803.0 0.34400000000000025
-10.722978591918945 1108.85107421875 1595.103515625 4.058261614659402 124492.0 125500.0 0.3960000000000003
-10.626721382141113 1108.0919189453125 1594.9996337890625 3.989473867476087 124448.0 124448.0 0.0
-10.626781463623047 1108.0897216796875 1594.9981689453125 3.98947533550763 124491.0 124448.0 0.9680000000000007
-10.628599166870117 1108.0218505859375 1594.9544677734375 3.9895197434618 124491.0 124491.0 0.0
