0.000001	1000.000000	-0.000579	0.009973	0.002403
0.000001	1000.000000	0.000022	0.013282	0.003077
0.000001	1000.000000	0.001025	0.024885	0.002839
0.000001	1000.000000	-0.001805	0.005134	-0.001286
0.000001	1000.000000	0.001443	0.012040	0.001563
0.000001	1000.000000	0.001318	0.014506	0.002069
0.000001	1000.000000	-0.000479	0.020153	0.000272
0.000001	1000.000000	0.002375	0.012690	-0.000792
0.000001	1000.000000	-0.001089	0.008927	-0.001082
0.000001	1000.000000	0.000638	0.024418	-0.000477
0.000001	1000.000000	-0.000434	0.011029	0.002064
0.000001	1000.000000	-0.002340	0.005096	-0.001610
0.000001	1000.000000	0.001219	0.020321	0.001231
0.000001	1000.000000	-0.003412	0.021967	-0.003049
0.000001	1000.000000	-0.001354	0.020011	-0.002710
0.000001	1000.000000	0.000752	0.008346	0.002859
0.000001	1000.000000	-0.003271	0.008320	0.000462
0.000001	1000.000000	-0.001858	0.014995	0.002883
0.000001	1000.000000	-0.002534	0.016240	-0.001912
0.000001	1000.000000	-0.001302	0.007693	0.001858
0.000001	1000.000000	-0.001742	0.008428	0.001815
0.000001	1000.000000	0.001779	0.016585	-0.000624
0.000001	1000.000000	0.002104	0.015347	0.000902
0.000001	1000.000000	0.002548	0.024876	0.000783
0.000001	1000.000000	0.002648	0.023057	0.001014
0.000001	1000.000000	-0.002491	0.019104	-0.001941
0.000001	1000.000000	-0.002544	0.023951	0.002056
0.000001	1000.000000	-0.001127	0.024699	0.000721
0.000001	1000.000000	-0.000426	0.013615	0.001429
0.000001	1000.000000	0.002632	0.008069	-0.003433
0.000001	1000.000000	0.002870	0.015770	0.002121
0.000001	1000.000000	-0.002593	0.014009	0.000893
0.000001	1000.000000	0.002837	0.019213	-0.001640
0.000001	1000.000000	0.002925	0.020178	0.000074
0.000001	1000.000000	-0.000503	0.021849	0.001967
0.000001	1000.000000	0.001269	0.015675	-0.000097
0.000001	1000.000000	0.001796	0.017510	0.001248
0.000001	1000.000000	0.002916	0.022923	-0.000153
0.000001	1000.000000	-0.000489	0.015601	0.002321
0.000001	1000.000000	0.000333	0.017201	-0.001211
0.000001	1000.000000	0.003169	0.015051	-0.000591
0.000001	1000.000000	0.000860	0.013092	0.003484
0.000001	1000.000000	0.000282	0.024288	0.000231
0.000001	1000.000000	0.002876	0.010747	0.003484
0.000001	1000.000000	0.002564	0.023778	0.000690
0.000001	1000.000000	-0.000804	0.012697	0.002466
0.000001	1000.000000	0.000899	0.017851	0.001314
0.000001	1000.000000	-0.000102	0.010670	0.003332
0.000001	1000.000000	-0.002445	0.019472	0.000155
0.000001	1000.000000	-0.001437	0.019790	0.000217
0.000001	1000.000000	-0.000126	0.008621	-0.002802
0.000001	1000.000000	-0.001306	0.017907	-0.000235
0.000001	1000.000000	-0.002339	0.010120	0.001498
0.000001	1000.000000	-0.000632	0.020086	-0.002574
0.000001	1000.000000	0.002934	0.014763	0.003173
0.000001	1000.000000	-0.002970	0.006783	0.000164
0.000001	1000.000000	0.000140	0.020231	-0.002685
0.000001	1000.000000	0.003246	0.007673	-0.002306
0.000001	1000.000000	0.000721	0.015243	0.001062
0.000001	1000.000000	-0.001047	0.015696	0.000201
0.000001	1000.000000	0.002946	0.007472	-0.001781
0.000001	1000.000000	0.002332	0.010850	-0.003146
0.000001	1000.000000	-0.001516	0.016795	-0.002001
0.000001	1000.000000	0.003422	0.023877	-0.002976
0.000001	1000.000000	0.002512	0.021335	0.001756
0.000001	1000.000000	0.001300	0.022457	-0.000559
0.000001	1000.000000	-0.001370	0.005670	0.001958
0.000001	1000.000000	-0.000264	0.013885	-0.002845
0.000001	1000.000000	-0.002949	0.024361	0.000304
0.000001	1000.000000	-0.002098	0.021720	-0.002485
0.000001	1000.000000	-0.000448	0.022714	0.000230
0.000001	1000.000000	-0.001611	0.017966	-0.003305
0.000001	1000.000000	-0.001926	0.012206	-0.001743
0.000001	1000.000000	-0.003411	0.009279	-0.000366
0.000001	1000.000000	-0.003086	0.022445	0.002664
0.000001	1000.000000	-0.003281	0.007430	0.000210
0.000001	1000.000000	-0.002350	0.011534	-0.003162
0.000001	1000.000000	-0.001893	0.024725	-0.002853
0.000001	1000.000000	-0.000467	0.023098	0.002532
0.000001	1000.000000	-0.001355	0.017440	0.000993
0.000001	1000.000000	-0.001472	0.023452	0.000742
0.000001	1000.000000	-0.002185	0.015765	0.000870
0.000001	1000.000000	0.002204	0.011644	-0.001063
0.000001	1000.000000	0.002644	0.005881	0.000392
0.000001	1000.000000	-0.003066	0.022444	-0.000092
0.000001	1000.000000	-0.003112	0.022956	0.001536
0.000001	1000.000000	-0.001773	0.012513	-0.002433
0.000001	1000.000000	-0.002949	0.018651	-0.002853
0.000001	1000.000000	-0.001245	0.008134	0.002010
0.000001	1000.000000	0.001492	0.005977	0.000080
0.000001	1000.000000	0.000707	0.007765	-0.002374
0.000001	1000.000000	-0.000828	0.008881	0.002983
0.000001	1000.000000	-0.003436	0.019868	0.001914
0.000001	1000.000000	-0.000300	0.024000	0.002932
0.000001	1000.000000	0.000296	0.016560	-0.003409
0.000001	1000.000000	-0.001525	0.021456	0.002800
0.000001	1000.000000	-0.001029	0.010679	0.000195
0.000001	1000.000000	0.001347	0.008235	0.002456
0.000001	1000.000000	-0.000413	0.015735	-0.000941
0.000001	1000.000000	0.001280	0.012239	0.000313
0.000001	1000.000000	-0.001306	0.022661	-0.000189
0.000001	1000.000000	-0.000439	0.015673	-0.001872
0.000001	1000.000000	0.003186	0.014430	0.001674
0.000001	1000.000000	0.002832	0.018895	0.002868
0.000001	1000.000000	0.002081	0.009206	0.002482
0.000001	1000.000000	0.000960	0.012531	0.000071
0.000001	1000.000000	0.002425	0.015260	-0.001152
0.000001	1000.000000	-0.001297	0.023917	0.002734
0.000001	1000.000000	-0.001805	0.006138	0.000610
0.000001	1000.000000	-0.001632	0.018951	0.001597
0.000001	1000.000000	0.002822	0.018609	0.002020
0.000001	1000.000000	0.000846	0.018950	-0.000587
0.000001	1000.000000	0.001844	0.008692	0.001991
0.000001	1000.000000	-0.002760	0.009987	0.002129
0.000001	1000.000000	0.003240	0.024850	0.002249
0.000001	1000.000000	0.001852	0.018325	0.000618
0.000001	1000.000000	0.002721	0.013692	0.002931
0.000001	1000.000000	-0.001722	0.017320	0.002390
0.000001	1000.000000	0.003309	0.023753	-0.000929
0.000001	1000.000000	0.002695	0.010930	-0.002429
0.000001	1000.000000	-0.000581	0.014711	-0.000226
0.000001	1000.000000	-0.000755	0.022795	0.002367
0.000001	1000.000000	-0.002877	0.018288	-0.001484
0.000001	1000.000000	-0.001834	0.015211	-0.000035
0.000001	1000.000000	0.000816	0.015555	0.002474
0.000001	1000.000000	-0.001593	0.016082	0.001951
0.000001	1000.000000	0.002215	0.023956	-0.001170
0.000001	1000.000000	0.003090	0.008610	0.003456
0.000001	1000.000000	0.000224	0.005781	0.001688
0.000001	1000.000000	-0.001988	0.017289	-0.003262
0.000001	1000.000000	-0.001312	0.017570	-0.001435
0.000001	1000.000000	-0.002772	0.015294	-0.000134
0.000001	1000.000000	0.001186	0.023397	-0.002005
0.000001	1000.000000	0.001027	0.013981	0.000740
0.000001	1000.000000	0.003020	0.013840	0.003136
0.000001	1000.000000	-0.001593	0.016756	0.003214
0.000001	1000.000000	-0.001123	0.017291	-0.000875
0.000001	1000.000000	0.000837	0.017712	-0.001819
0.000001	1000.000000	-0.002751	0.007285	0.001255
0.000001	1000.000000	-0.001125	0.013755	-0.001446
0.000001	1000.000000	0.001070	0.020854	-0.000166
0.000001	1000.000000	-0.001045	0.011417	0.003335
0.000001	1000.000000	-0.002602	0.019334	-0.001539
0.000001	1000.000000	-0.002590	0.023076	0.002009
0.000001	1000.000000	-0.000286	0.012662	0.003284
0.000001	1000.000000	0.001629	0.014204	-0.002829
0.000001	1000.000000	0.000465	0.022387	0.002019
0.000001	1000.000000	-0.001006	0.010857	0.002620
0.000001	1000.000000	0.000315	0.005905	0.000453
0.000001	1000.000000	0.002482	0.020680	0.000759
0.000001	1000.000000	-0.000165	0.016628	0.001901
0.000001	1000.000000	-0.000538	0.013018	-0.000480
0.000001	1000.000000	-0.003124	0.019502	0.000470
0.000001	1000.000000	-0.000747	0.009947	-0.000286
0.000001	1000.000000	-0.000436	0.007105	-0.001580
0.000001	1000.000000	-0.001114	0.017388	-0.002739
0.000001	1000.000000	0.002983	0.020914	-0.000460
0.000001	1000.000000	0.002041	0.023933	-0.002410
0.000001	1000.000000	0.002782	0.019879	0.001911
0.000001	1000.000000	0.001529	0.022214	-0.002009
0.000001	1000.000000	0.001094	0.020462	-0.001392
0.000001	1000.000000	-0.002811	0.008826	0.000489
0.000001	1000.000000	-0.002362	0.019984	0.001058
0.000001	1000.000000	-0.000910	0.021293	-0.000574
0.000001	1000.000000	-0.003412	0.006442	-0.000707
0.000001	1000.000000	0.000563	0.014110	0.000152
0.000001	1000.000000	0.002398	0.014544	-0.001833
0.000001	1000.000000	-0.001874	0.015779	0.000393
0.000001	1000.000000	-0.000822	0.015985	0.000477
0.000001	1000.000000	-0.000081	0.011720	0.000246
0.000001	1000.000000	0.002271	0.023202	-0.001889
0.000001	1000.000000	-0.000002	0.010750	-0.001298
0.000001	1000.000000	0.003101	0.015971	-0.001815
0.000001	1000.000000	-0.001415	0.013158	-0.003432
0.000001	1000.000000	0.000500	0.019052	-0.001759
0.000001	1000.000000	0.003158	0.008372	0.002252
0.000001	1000.000000	-0.001298	0.024151	-0.001623
0.000001	1000.000000	-0.002843	0.011276	0.002239
0.000001	1000.000000	0.003259	0.006681	-0.000941
0.000001	1000.000000	-0.001397	0.008721	-0.000384
0.000001	1000.000000	0.002150	0.005329	-0.002066
0.000001	1000.000000	0.000551	0.019146	-0.002883
0.000001	1000.000000	-0.002447	0.013951	0.002093
0.000001	1000.000000	-0.000722	0.024561	-0.002888
0.000001	1000.000000	0.000006	0.019118	0.003349
0.000001	1000.000000	0.002254	0.012765	-0.000864
0.000001	1000.000000	0.002251	0.012068	0.003039
0.000001	1000.000000	-0.003032	0.007314	-0.000965
0.000001	1000.000000	-0.000268	0.017222	0.002346
0.000001	1000.000000	0.001660	0.013269	0.002495
0.000001	1000.000000	-0.000897	0.005010	-0.002577
0.000001	1000.000000	-0.001437	0.023860	-0.001380
0.000001	1000.000000	0.000503	0.018382	-0.000195
0.000001	1000.000000	-0.000848	0.021704	0.001026
0.000001	1000.000000	0.000862	0.024843	-0.003393
0.000001	1000.000000	0.001693	0.006689	-0.003328
0.000001	1000.000000	-0.002615	0.010726	-0.001563
0.000001	1000.000000	-0.000482	0.014936	0.001081
0.000001	1000.000000	-0.000705	0.008948	-0.000349
0.000001	1000.000000	0.000278	0.009044	0.003341
0.000001	1000.000000	-0.000623	0.019261	-0.002393
0.000001	1000.000000	0.000025	0.017468	-0.003056
0.000001	1000.000000	0.000274	0.014508	0.002033
0.000001	1000.000000	0.000026	0.011831	0.000573
0.000001	1000.000000	0.000863	0.021321	0.003001
0.000001	1000.000000	0.003263	0.022685	-0.000715
0.000001	1000.000000	0.003059	0.023785	0.002389
0.000001	1000.000000	0.001704	0.022113	-0.000215
0.000001	1000.000000	0.000114	0.023066	0.002033
0.000001	1000.000000	0.002199	0.007547	-0.001779
0.000001	1000.000000	-0.000600	0.016745	-0.001747
0.000001	1000.000000	0.002199	0.015637	-0.000103
0.000001	1000.000000	0.003393	0.013628	0.003319
0.000001	1000.000000	-0.003083	0.023956	0.001771
0.000001	1000.000000	0.002069	0.008145	-0.002726
0.000001	1000.000000	-0.001185	0.013071	-0.002407
0.000001	1000.000000	0.002548	0.017588	0.000178
0.000001	1000.000000	0.003119	0.012629	0.000575
0.000001	1000.000000	0.001093	0.016222	-0.000586
0.000001	1000.000000	-0.003275	0.012584	-0.000680
0.000001	1000.000000	0.000878	0.007062	0.003413
0.000001	1000.000000	0.002333	0.013647	0.000566
0.000001	1000.000000	0.002164	0.022700	-0.003167
0.000001	1000.000000	-0.002976	0.017144	0.000807
0.000001	1000.000000	0.002543	0.021187	-0.001594
0.000001	1000.000000	-0.003025	0.006893	0.001146
0.000001	1000.000000	-0.002261	0.024861	0.002983
0.000001	1000.000000	0.002531	0.013449	0.001328
0.000001	1000.000000	-0.000968	0.008720	0.001391
0.000001	1000.000000	-0.002135	0.024297	-0.001209
0.000001	1000.000000	-0.002829	0.009200	-0.001047
0.000001	1000.000000	-0.000932	0.012655	-0.000397
0.000001	1000.000000	0.001183	0.007759	0.000128
0.000001	1000.000000	0.001046	0.015826	-0.001224
0.000001	1000.000000	-0.003156	0.013881	0.001343
0.000001	1000.000000	0.001161	0.024228	-0.001680
0.000001	1000.000000	-0.003105	0.010204	0.001924
0.000001	1000.000000	0.000214	0.022991	-0.001611
0.000001	1000.000000	0.000905	0.009078	0.000245
0.000001	1000.000000	0.000471	0.014913	0.003419
0.000001	1000.000000	0.001917	0.009590	0.001833
0.000001	1000.000000	-0.002050	0.019497	0.001548
0.000001	1000.000000	0.003398	0.017465	-0.002799
0.000001	1000.000000	0.003050	0.020623	-0.001168
0.000001	1000.000000	0.003320	0.014212	-0.003475
0.000001	1000.000000	-0.002278	0.008038	0.002408
0.000001	1000.000000	0.000478	0.020057	-0.002619
0.000001	1000.000000	-0.000716	0.016704	-0.002370
0.000001	1000.000000	-0.001306	0.021631	-0.001210
0.000001	1000.000000	0.003091	0.014801	-0.001527
0.000001	1000.000000	0.000614	0.014318	0.001948
0.000001	1000.000000	-0.002401	0.016010	-0.000727
0.000001	1000.000000	-0.002147	0.017933	-0.002153
0.000001	1000.000000	0.000070	0.016793	0.002449
0.000001	1000.000000	0.000312	0.010148	0.003019
0.000001	1000.000000	-0.000358	0.024058	-0.002779
0.000001	1000.000000	-0.001231	0.006207	0.002892
0.000001	1000.000000	-0.001823	0.018341	-0.001715
0.000001	1000.000000	-0.003343	0.007599	-0.000707
0.000001	1000.000000	0.001459	0.017363	-0.000931
0.000001	1000.000000	-0.002124	0.008401	0.001866
0.000001	1000.000000	0.002496	0.018189	0.000623
0.000001	1000.000000	-0.002864	0.007072	-0.003074
0.000001	1000.000000	-0.002301	0.015227	-0.002914
0.000001	1000.000000	-0.001349	0.022731	-0.001906
0.000001	1000.000000	0.002945	0.022743	-0.000086
0.000001	1000.000000	-0.001334	0.024876	-0.001314
0.000001	1000.000000	0.000492	0.022863	0.000930
0.000001	1000.000000	0.002355	0.022214	-0.000916
0.000001	1000.000000	0.001531	0.015249	0.000141
0.000001	1000.000000	0.002093	0.020818	-0.000876
0.000001	1000.000000	0.001959	0.024101	-0.003274
0.000001	1000.000000	-0.002849	0.005509	-0.002637
0.000001	1000.000000	-0.002557	0.011921	-0.000137
0.000001	1000.000000	0.001597	0.015414	0.002581
0.000001	1000.000000	0.000881	0.005486	-0.003342
0.000001	1000.000000	-0.000041	0.018721	-0.001871
0.000001	1000.000000	0.003061	0.007047	-0.002473
0.000001	1000.000000	0.003362	0.015174	-0.001633
0.000001	1000.000000	0.000406	0.012477	0.001869
0.000001	1000.000000	0.000463	0.012595	0.002919
0.000001	1000.000000	0.003017	0.011767	0.001468
0.000001	1000.000000	-0.002948	0.010214	0.002113
0.000001	1000.000000	-0.002358	0.022788	0.002089
0.000001	1000.000000	-0.000291	0.020031	-0.000289
0.000001	1000.000000	-0.002863	0.006893	0.000171
0.000001	1000.000000	-0.001711	0.016912	0.003358
0.000001	1000.000000	0.000903	0.021967	0.003272
0.000001	1000.000000	-0.001237	0.009212	-0.002344
0.000001	1000.000000	0.000734	0.014485	0.001914
0.000001	1000.000000	-0.001210	0.006731	0.000022
0.000001	1000.000000	0.002037	0.011381	-0.000304
0.000001	1000.000000	-0.003033	0.019734	-0.001759
0.000001	1000.000000	-0.000258	0.006596	0.001477
0.000001	1000.000000	-0.002474	0.010836	-0.000193
0.000001	1000.000000	-0.002651	0.005732	0.001696
0.000001	1000.000000	-0.000505	0.023297	0.000629
0.000001	1000.000000	0.001095	0.017200	-0.003425
0.000001	1000.000000	-0.001121	0.014978	-0.000808
0.000001	1000.000000	-0.002125	0.008577	0.001800
0.000001	1000.000000	0.000007	0.011619	0.003377
0.000001	1000.000000	-0.000033	0.020314	0.001496
0.000001	1000.000000	0.003221	0.022706	0.001242
0.000001	1000.000000	-0.002495	0.022900	0.002828
0.000001	1000.000000	-0.000975	0.015805	0.001087
0.000001	1000.000000	-0.002238	0.008024	-0.000452
0.000001	1000.000000	-0.002322	0.015038	-0.001175
0.000001	1000.000000	-0.002835	0.013738	0.000865
0.000001	1000.000000	0.000416	0.011053	0.000789
0.000001	1000.000000	-0.001766	0.024051	0.002208
0.000001	1000.000000	0.002519	0.023926	0.001658
0.000001	1000.000000	-0.002756	0.024721	-0.001318
0.000001	1000.000000	0.001414	0.023386	-0.003266
0.000001	1000.000000	-0.000615	0.022643	0.001924
0.000001	1000.000000	-0.003472	0.013967	-0.001226
0.000001	1000.000000	-0.000470	0.018526	-0.003344
0.000001	1000.000000	-0.003327	0.008222	-0.002795
0.000001	1000.000000	-0.000000	0.009942	-0.000631
0.000001	1000.000000	0.000012	0.023214	0.001199
0.000001	1000.000000	-0.000022	0.016669	-0.000143
0.000001	1000.000000	0.002001	0.010231	-0.000028
0.000001	1000.000000	0.001942	0.018906	0.000608
0.000001	1000.000000	0.003275	0.011403	-0.002250
0.000001	1000.000000	0.000974	0.011588	0.002299
0.000001	1000.000000	-0.002199	0.017496	-0.000950
0.000001	1000.000000	0.003387	0.005234	-0.000625
0.000001	1000.000000	0.001495	0.017525	0.000373
0.000001	1000.000000	-0.000086	0.006769	-0.000474
0.000001	1000.000000	-0.001948	0.020761	0.002318
0.000001	1000.000000	-0.002265	0.013837	0.002244
0.000001	1000.000000	0.000494	0.005545	-0.001159
0.000001	1000.000000	-0.002424	0.009583	0.000095
0.000001	1000.000000	0.002056	0.011971	-0.002357
0.000001	1000.000000	-0.002934	0.021612	0.000881
0.000001	1000.000000	0.001006	0.018673	0.002415
0.000001	1000.000000	-0.003414	0.013865	0.002832
0.000001	1000.000000	-0.001878	0.011112	0.000225
0.000001	1000.000000	-0.000758	0.022010	-0.003209
0.000001	1000.000000	0.001846	0.019554	0.003046
0.000001	1000.000000	-0.002280	0.012393	-0.001953
0.000001	1000.000000	-0.002298	0.007746	0.000747
0.000001	1000.000000	0.002441	0.017637	0.001501
0.000001	1000.000000	-0.001978	0.011904	-0.001731
0.000001	1000.000000	0.001301	0.009418	-0.001139
0.000001	1000.000000	-0.002249	0.005630	0.002319
0.000001	1000.000000	-0.000401	0.017593	-0.001553
0.000001	1000.000000	-0.002690	0.008705	0.000203
0.000001	1000.000000	-0.000996	0.023284	0.001900
0.000001	1000.000000	-0.000156	0.006503	0.002445
0.000001	1000.000000	-0.001288	0.011850	-0.001509
0.000001	1000.000000	-0.003319	0.007246	-0.003465
0.000001	1000.000000	0.000310	0.007379	-0.001283
0.000001	1000.000000	-0.001123	0.018846	-0.003183
0.000001	1000.000000	0.001769	0.019255	-0.001233
0.000001	1000.000000	0.001498	0.013689	-0.000506
0.000001	1000.000000	0.000987	0.016988	0.002993
0.000001	1000.000000	-0.002962	0.011673	0.001543
0.000001	1000.000000	0.003195	0.020120	-0.003261
0.000001	1000.000000	0.001712	0.020327	-0.000603
0.000001	1000.000000	0.001395	0.018527	0.002600
0.000001	1000.000000	0.002092	0.005115	0.002908
0.000001	1000.000000	-0.000988	0.018861	0.001907
0.000001	1000.000000	-0.001856	0.021061	-0.000342
0.000001	1000.000000	0.003433	0.005388	-0.002679
0.000001	1000.000000	0.001566	0.019597	0.001456
0.000001	1000.000000	-0.003164	0.008874	0.002726
0.000001	1000.000000	0.001527	0.018036	-0.000514
0.000001	1000.000000	0.002515	0.013621	0.001489
0.000001	1000.000000	0.003272	0.014301	-0.000321
0.000001	1000.000000	0.001359	0.007418	0.002614
0.000001	1000.000000	0.002118	0.007192	-0.002877
0.000001	1000.000000	-0.000587	0.006017	0.002539
0.000001	1000.000000	0.002512	0.010595	-0.000091
0.000001	1000.000000	0.003059	0.017221	0.000329
0.000001	1000.000000	-0.001977	0.008095	-0.001138
0.000001	1000.000000	0.002938	0.017918	-0.003216
0.000001	1000.000000	0.000094	0.013473	-0.001766
0.000001	1000.000000	0.001091	0.008523	0.001104
0.000001	1000.000000	0.001603	0.017090	-0.000991
0.000001	1000.000000	0.000484	0.016073	-0.001038
0.000001	1000.000000	-0.001217	0.015242	0.002950
0.000001	1000.000000	0.001199	0.023209	0.001666
0.000001	1000.000000	-0.000569	0.017030	-0.002694
0.000001	1000.000000	-0.002477	0.012194	-0.003117
0.000001	1000.000000	-0.000074	0.012293	-0.000110
0.000001	1000.000000	-0.003459	0.010539	0.001055
0.000001	1000.000000	0.001946	0.007220	0.003362
0.000001	1000.000000	-0.002230	0.018525	-0.003280
0.000001	1000.000000	-0.003279	0.010427	-0.000801
0.000001	1000.000000	-0.003153	0.018558	-0.001206
0.000001	1000.000000	-0.001166	0.021858	0.002153
0.000001	1000.000000	0.000500	0.012489	0.000782
0.000001	1000.000000	-0.003405	0.009045	-0.002437
0.000001	1000.000000	0.002171	0.006331	0.000580
0.000001	1000.000000	-0.002974	0.024633	0.000319
0.000001	1000.000000	-0.001192	0.015334	0.003254
0.000001	1000.000000	0.001982	0.014820	0.002413
0.000001	1000.000000	0.002858	0.021919	-0.002509
0.000001	1000.000000	0.001826	0.019764	-0.002972
0.000001	1000.000000	-0.002680	0.007692	0.003428
0.000001	1000.000000	0.000439	0.022743	-0.003077
0.000001	1000.000000	-0.001394	0.012422	0.003061
0.000001	1000.000000	-0.002699	0.021380	0.003262
0.000001	1000.000000	0.003367	0.018617	-0.001014
0.000001	1000.000000	-0.001122	0.017238	0.003498
0.000001	1000.000000	-0.000507	0.009315	0.002238
0.000001	1000.000000	-0.001073	0.016081	-0.003377
0.000001	1000.000000	0.002314	0.012094	-0.001907
0.000001	1000.000000	-0.001991	0.021710	-0.002200
0.000001	1000.000000	-0.002927	0.017371	0.003178
0.000001	1000.000000	-0.000810	0.020125	-0.001829
0.000001	1000.000000	0.002805	0.009018	-0.001094
0.000001	1000.000000	0.000690	0.014995	-0.000814
0.000001	1000.000000	0.003494	0.009867	0.000737
0.000001	1000.000000	-0.001218	0.010051	-0.002924
0.000001	1000.000000	-0.000532	0.021769	-0.003355
0.000001	1000.000000	0.000860	0.010752	0.001458
0.000001	1000.000000	-0.003472	0.009793	0.000980
0.000001	1000.000000	0.000743	0.016166	0.001564
0.000001	1000.000000	0.002941	0.019168	0.003309
0.000001	1000.000000	-0.001151	0.005577	-0.001359
0.000001	1000.000000	0.003449	0.021601	-0.002240
0.000001	1000.000000	-0.001729	0.022553	0.002941
0.000001	1000.000000	-0.001461	0.020388	0.001149
0.000001	1000.000000	0.001715	0.007587	0.002664
0.000001	1000.000000	0.002423	0.006564	-0.001520
0.000001	1000.000000	0.002898	0.020779	-0.002507
0.000001	1000.000000	-0.002105	0.021900	-0.001104
0.000001	1000.000000	-0.003423	0.019609	0.002342
0.000001	1000.000000	0.002689	0.015274	0.002032
0.000001	1000.000000	-0.002619	0.011696	0.000704
0.000001	1000.000000	-0.000580	0.009456	0.001831
0.000001	1000.000000	-0.000492	0.022824	0.001718
0.000001	1000.000000	-0.003241	0.012057	0.003128
0.000001	1000.000000	0.002701	0.011049	0.001456
0.000001	1000.000000	-0.002628	0.024950	-0.000292
0.000001	1000.000000	0.001797	0.010651	0.000279
0.000001	1000.000000	0.003167	0.024977	0.001510
0.000001	1000.000000	0.002318	0.008509	-0.002139
0.000001	1000.000000	0.001307	0.010558	0.003170
0.000001	1000.000000	-0.003177	0.019717	-0.000169
0.000001	1000.000000	0.002463	0.020296	0.003002
0.000001	1000.000000	0.002524	0.015160	-0.000570
0.000001	1000.000000	0.002466	0.017811	-0.002580
0.000001	1000.000000	0.000685	0.014863	0.002562
0.000001	1000.000000	-0.001595	0.009424	0.001608
0.000001	1000.000000	-0.003401	0.016321	0.002976
0.000001	1000.000000	-0.002423	0.008472	-0.000849
0.000001	1000.000000	0.002737	0.014397	-0.001773
0.000001	1000.000000	-0.000690	0.009637	0.002254
0.000001	1000.000000	-0.002515	0.013640	-0.000237
0.000001	1000.000000	0.001118	0.019547	-0.000728
0.000001	1000.000000	0.003016	0.016439	0.002091
0.000001	1000.000000	-0.001358	0.013572	0.000607
0.000001	1000.000000	0.000465	0.015778	0.001404
0.000001	1000.000000	0.000350	0.024484	0.001658
0.000001	1000.000000	-0.000890	0.010857	-0.002668
0.000001	1000.000000	0.000126	0.012593	-0.002764
0.000001	1000.000000	-0.003224	0.008849	-0.000398
0.000001	1000.000000	0.003280	0.010656	-0.001831
0.000001	1000.000000	-0.001066	0.021506	-0.000957
0.000001	1000.000000	0.001091	0.023860	-0.000110
0.000001	1000.000000	0.001930	0.017151	-0.000003
0.000001	1000.000000	-0.001997	0.016989	0.001196
0.000001	1000.000000	0.002707	0.008039	-0.000655
0.000001	1000.000000	0.002051	0.008794	0.002860
0.000001	1000.000000	-0.003215	0.022680	-0.001534
0.000001	1000.000000	-0.002894	0.023592	0.000501
0.000001	1000.000000	-0.002768	0.005495	-0.002810
0.000001	1000.000000	-0.001630	0.017606	0.001017
0.000001	1000.000000	0.002478	0.012099	0.000572
0.000001	1000.000000	0.001604	0.024982	0.000694
0.000001	1000.000000	-0.001724	0.005335	-0.001636
0.000001	1000.000000	0.000740	0.024439	0.001146
0.000001	1000.000000	0.002844	0.005013	-0.003288
0.000001	1000.000000	-0.000750	0.018583	0.001203
0.000001	1000.000000	-0.001672	0.022133	0.002811
0.000001	1000.000000	-0.001752	0.006545	-0.000836
0.000001	1000.000000	-0.001573	0.009428	0.003096
0.000001	1000.000000	0.002854	0.007851	-0.001562
0.000001	1000.000000	-0.000482	0.022162	0.000334
0.000001	1000.000000	0.002251	0.006953	0.002084
0.000001	1000.000000	0.002809	0.011581	-0.001422
0.000001	1000.000000	-0.003499	0.017609	-0.000685
0.000001	1000.000000	0.001182	0.013031	-0.000453
0.000001	1000.000000	-0.003065	0.013318	0.000286
0.000001	1000.000000	0.003160	0.013730	0.003103
0.000001	1000.000000	0.003094	0.009038	0.000347
0.000001	1000.000000	-0.000427	0.021942	0.001460
0.000001	1000.000000	0.000812	0.007220	-0.003180
0.000001	1000.000000	0.001222	0.016149	-0.001855
0.000001	1000.000000	0.001704	0.023744	0.001333
0.000001	1000.000000	0.003445	0.023953	0.001442
0.000001	1000.000000	0.000198	0.014733	-0.003113
0.000001	1000.000000	0.002543	0.011733	0.001972
0.000001	1000.000000	0.002182	0.019003	-0.001079
0.000001	1000.000000	-0.002486	0.022909	-0.002343
0.000001	1000.000000	0.002581	0.013150	-0.000753
0.000001	1000.000000	0.001707	0.019185	-0.001326
0.000001	1000.000000	0.002090	0.021047	-0.002440
0.000001	1000.000000	-0.001752	0.005166	-0.002134
0.000001	1000.000000	-0.002683	0.013501	0.000747
0.000001	1000.000000	-0.001792	0.007384	-0.001427
0.000001	1000.000000	-0.002117	0.017312	0.000357
0.000001	1000.000000	0.003270	0.009651	0.000427
0.000001	1000.000000	0.001852	0.024827	0.000233
0.000001	1000.000000	0.001593	0.023186	-0.000109
0.000001	1000.000000	-0.000741	0.006626	-0.000181
0.000001	1000.000000	-0.000316	0.023316	-0.001379
0.000001	1000.000000	-0.002995	0.015022	-0.000832
0.000001	1000.000000	-0.001919	0.013022	0.000678
0.000001	1000.000000	-0.002678	0.007379	-0.001253
0.000001	1000.000000	-0.003392	0.015924	-0.003029
0.000001	1000.000000	-0.003273	0.010086	-0.000554
0.000001	1000.000000	0.002602	0.023543	-0.001221
0.000001	1000.000000	-0.000929	0.007071	-0.000592
0.000001	1000.000000	0.001112	0.009861	-0.000466
0.000001	1000.000000	-0.001769	0.005318	0.001131
0.000001	1000.000000	-0.002308	0.019893	0.000211
0.000001	1000.000000	0.001142	0.010523	0.003068
0.000001	1000.000000	-0.001608	0.010242	0.002738
0.000001	1000.000000	0.003154	0.017686	0.001472
0.000001	1000.000000	0.000971	0.022072	0.003209
0.000001	1000.000000	0.001499	0.016462	-0.002621
0.000001	1000.000000	-0.003012	0.014813	0.000119
0.000001	1000.000000	-0.002944	0.008116	0.002101
0.000001	1000.000000	0.000648	0.016001	-0.001942
0.000001	1000.000000	0.000958	0.019202	-0.000744
0.000001	1000.000000	-0.002581	0.020968	0.003061
0.000001	1000.000000	0.002984	0.023339	-0.000279
0.000001	1000.000000	-0.000990	0.010094	-0.001733
0.000001	1000.000000	0.003249	0.021178	0.002663
0.000001	1000.000000	-0.001049	0.005419	0.001726
0.000001	1000.000000	0.003495	0.023865	0.001730
0.000001	1000.000000	-0.001953	0.012007	0.000378
0.000001	1000.000000	0.001648	0.005505	-0.000232
0.000001	1000.000000	0.000995	0.005503	0.003434
0.000001	1000.000000	0.001436	0.020341	-0.003436
0.000001	1000.000000	0.000099	0.008010	-0.000362
0.000001	1000.000000	0.002784	0.016647	0.002859
0.000001	1000.000000	-0.001985	0.006399	-0.001614
0.000001	1000.000000	0.001364	0.024164	-0.003068
0.000001	1000.000000	-0.001907	0.022847	0.001257
0.000001	1000.000000	-0.000298	0.007494	-0.001824
0.000001	1000.000000	-0.000544	0.013901	0.000850
0.000001	1000.000000	-0.002151	0.022096	0.000739
0.000001	1000.000000	0.001594	0.019151	0.000805
0.000001	1000.000000	0.002753	0.010312	-0.000031
0.000001	1000.000000	0.002139	0.018333	-0.001008
0.000001	1000.000000	-0.001370	0.010745	-0.000389
0.000001	1000.000000	0.001461	0.006154	-0.002673
0.000001	1000.000000	-0.001268	0.018823	-0.001526
0.000001	1000.000000	0.001409	0.020085	0.003392
0.000001	1000.000000	0.000474	0.014374	-0.000345
0.000001	1000.000000	-0.001010	0.019332	-0.003361
0.000001	1000.000000	0.000659	0.016869	-0.001995
0.000001	1000.000000	0.001478	0.017090	0.001732
0.000001	1000.000000	-0.000772	0.014151	0.003397
0.000001	1000.000000	-0.002100	0.024355	0.000675
0.000001	1000.000000	-0.001171	0.005518	0.003118
0.000001	1000.000000	0.002176	0.022365	0.002560
0.000001	1000.000000	-0.000476	0.014338	-0.003047
0.000001	1000.000000	-0.000489	0.007162	0.000339
0.000001	1000.000000	0.001020	0.011479	0.000978
0.000001	1000.000000	0.003174	0.009441	0.001431
0.000001	1000.000000	-0.000562	0.008263	0.000729
0.000001	1000.000000	0.001922	0.023071	-0.001594
0.000001	1000.000000	0.000656	0.020351	0.003171
0.000001	1000.000000	0.002123	0.015883	0.000567
0.000001	1000.000000	0.003384	0.014944	-0.002992
0.000001	1000.000000	-0.001118	0.023532	-0.001109
0.000001	1000.000000	-0.002888	0.017997	0.000492
0.000001	1000.000000	0.000274	0.023595	0.002909
0.000001	1000.000000	0.002164	0.010293	-0.002299
0.000001	1000.000000	-0.003096	0.013380	0.001868
0.000001	1000.000000	0.002873	0.014889	0.001124
0.000001	1000.000000	0.001872	0.014370	0.002393
0.000001	1000.000000	0.002431	0.009588	-0.003432
0.000001	1000.000000	0.001222	0.019752	-0.000813
0.000001	1000.000000	-0.002417	0.018544	-0.000419
0.000001	1000.000000	-0.002935	0.015056	-0.003050
0.000001	1000.000000	-0.002741	0.011599	-0.001283
0.000001	1000.000000	-0.002304	0.013538	0.002818
0.000001	1000.000000	0.001593	0.024918	-0.002988
0.000001	1000.000000	0.002278	0.014053	0.002044
0.000001	1000.000000	0.001983	0.023891	-0.000201
0.000001	1000.000000	-0.003041	0.013822	-0.001552
0.000001	1000.000000	-0.003038	0.008461	-0.002568
0.000001	1000.000000	0.000335	0.020853	-0.000477
0.000001	1000.000000	-0.001367	0.011922	-0.000143
0.000001	1000.000000	-0.002482	0.014618	-0.002310
0.000001	1000.000000	0.002331	0.016402	0.000231
0.000001	1000.000000	0.000055	0.008754	-0.001151
0.000001	1000.000000	-0.002396	0.012163	-0.000140
0.000001	1000.000000	-0.001764	0.016207	0.002472
0.000001	1000.000000	-0.000390	0.007829	0.000898
0.000001	1000.000000	-0.001626	0.021017	-0.000172
0.000001	1000.000000	0.000630	0.012852	-0.002986
0.000001	1000.000000	0.000537	0.012245	-0.000083
0.000001	1000.000000	0.001298	0.022759	0.002279
0.000001	1000.000000	0.001023	0.014751	-0.003149
0.000001	1000.000000	0.002634	0.014893	-0.001464
0.000001	1000.000000	0.000767	0.016447	0.002573
0.000001	1000.000000	0.001719	0.014640	0.003489
0.000001	1000.000000	0.001124	0.016244	-0.000794
0.000001	1000.000000	0.000462	0.018710	0.002179
0.000001	1000.000000	0.002149	0.017944	0.001720
0.000001	1000.000000	0.001206	0.014348	0.000871
0.000001	1000.000000	0.003098	0.014245	-0.001392
0.000001	1000.000000	0.000245	0.019516	0.001141
0.000001	1000.000000	0.003498	0.005096	-0.002448
0.000001	1000.000000	0.001789	0.013151	0.000233
0.000001	1000.000000	-0.002463	0.010511	-0.001692
0.000001	1000.000000	0.002215	0.006798	-0.000896
0.000001	1000.000000	0.001303	0.022289	0.000513
0.000001	1000.000000	0.000318	0.023596	0.000228
0.000001	1000.000000	-0.000714	0.013968	-0.002605
0.000001	1000.000000	-0.000527	0.009738	-0.000741
0.000001	1000.000000	-0.001695	0.011790	0.001505
0.000001	1000.000000	-0.001507	0.012272	0.003183
0.000001	1000.000000	-0.001546	0.020181	0.001198
0.000001	1000.000000	-0.002823	0.005206	-0.000192
0.000001	1000.000000	0.000199	0.009827	-0.003089
0.000001	1000.000000	-0.000250	0.009361	0.001307
0.000001	1000.000000	0.002398	0.021056	0.001078
0.000001	1000.000000	0.001446	0.023250	-0.003279
0.000001	1000.000000	0.000542	0.018204	-0.000191
0.000001	1000.000000	0.000285	0.005405	0.001894
0.000001	1000.000000	-0.001777	0.012025	0.003385
0.000001	1000.000000	0.000503	0.018585	0.002335
0.000001	1000.000000	0.001499	0.009885	0.002638
0.000001	1000.000000	-0.002508	0.008230	0.001411
0.000001	1000.000000	-0.001875	0.009864	0.003342
0.000001	1000.000000	-0.003060	0.010990	0.001038
0.000001	1000.000000	-0.001549	0.017486	0.001490
0.000001	1000.000000	-0.001438	0.012264	-0.003425
0.000001	1000.000000	0.001663	0.013783	0.001491
0.000001	1000.000000	0.003133	0.021561	-0.000278
0.000001	1000.000000	0.000440	0.012821	-0.003266
0.000001	1000.000000	-0.001637	0.017778	0.002705
0.000001	1000.000000	-0.003249	0.011811	-0.001664
0.000001	1000.000000	-0.001061	0.009429	0.001881
0.000001	1000.000000	0.002758	0.007561	-0.000660
0.000001	1000.000000	-0.000397	0.006957	-0.000825
0.000001	1000.000000	-0.000822	0.005460	0.003217
0.000001	1000.000000	-0.000332	0.011470	0.001317
0.000001	1000.000000	0.000399	0.008525	-0.000157
0.000001	1000.000000	-0.002637	0.021665	-0.001578
0.000001	1000.000000	0.001818	0.008745	-0.002992
0.000001	1000.000000	0.002837	0.016739	-0.002671
0.000001	1000.000000	-0.002746	0.018921	-0.001820
0.000001	1000.000000	0.002507	0.006480	0.001941
0.000001	1000.000000	-0.002760	0.011818	0.002148
0.000001	1000.000000	-0.002071	0.021577	-0.000055
0.000001	1000.000000	0.001458	0.014142	-0.001013
0.000001	1000.000000	-0.000629	0.005989	0.002463
0.000001	1000.000000	-0.001924	0.016790	-0.002325
0.000001	1000.000000	0.002644	0.005470	-0.003382
0.000001	1000.000000	-0.002069	0.011741	-0.003054
0.000001	1000.000000	-0.002317	0.011362	-0.002539
0.000001	1000.000000	0.002183	0.012449	-0.001370
0.000001	1000.000000	0.001898	0.024571	0.002507
0.000001	1000.000000	-0.003250	0.021109	-0.002971
0.000001	1000.000000	0.002537	0.009239	-0.000418
0.000001	1000.000000	0.003252	0.014028	0.001759
0.000001	1000.000000	0.002434	0.014463	0.001088
0.000001	1000.000000	-0.000704	0.017944	-0.002391
0.000001	1000.000000	-0.003377	0.023185	0.000445
0.000001	1000.000000	-0.002026	0.022879	-0.002149
0.000001	1000.000000	0.002779	0.019355	0.000413
0.000001	1000.000000	0.000618	0.007611	-0.003422
0.000001	1000.000000	0.001772	0.013786	0.002843
0.000001	1000.000000	0.002986	0.024448	0.000942
0.000001	1000.000000	-0.001548	0.012728	-0.001647
0.000001	1000.000000	-0.002363	0.023385	0.000413
0.000001	1000.000000	-0.002240	0.007326	0.001872
0.000001	1000.000000	0.000565	0.023575	-0.002875
0.000001	1000.000000	-0.000720	0.005739	0.000976
0.000001	1000.000000	-0.000551	0.015239	-0.000660
0.000001	1000.000000	-0.002723	0.017894	0.000897
0.000001	1000.000000	0.000340	0.010238	0.001467
0.000001	1000.000000	-0.002384	0.015897	0.001067
0.000001	1000.000000	-0.001881	0.011558	0.002494
0.000001	1000.000000	0.002450	0.007592	-0.002341
0.000001	1000.000000	-0.002349	0.009630	-0.003420
0.000001	1000.000000	0.001942	0.015661	-0.000262
0.000001	1000.000000	-0.003467	0.021818	-0.002247
0.000001	1000.000000	-0.000515	0.018690	0.002542
0.000001	1000.000000	-0.001247	0.009015	0.002465
0.000001	1000.000000	-0.003406	0.009395	-0.002430
0.000001	1000.000000	0.000855	0.015182	0.002667
0.000001	1000.000000	0.000321	0.019715	-0.000359
0.000001	1000.000000	-0.000070	0.018388	-0.003089
0.000001	1000.000000	-0.002156	0.009754	0.001564
0.000001	1000.000000	0.000934	0.022728	-0.002351
0.000001	1000.000000	-0.002461	0.016557	0.001696
0.000001	1000.000000	0.002825	0.016092	-0.001456
0.000001	1000.000000	0.000912	0.019726	-0.000493
0.000001	1000.000000	-0.002289	0.013071	-0.001762
0.000001	1000.000000	0.002542	0.015790	-0.000405
0.000001	1000.000000	-0.002277	0.013323	-0.000645
0.000001	1000.000000	-0.001470	0.023818	-0.000424
0.000001	1000.000000	-0.002046	0.006122	0.001256
0.000001	1000.000000	0.001950	0.021515	-0.001915
0.000001	1000.000000	0.003147	0.005122	-0.002800
0.000001	1000.000000	0.003294	0.009754	0.001285
0.000001	1000.000000	0.003481	0.015753	0.002780
0.000001	1000.000000	0.000210	0.024620	0.002978
0.000001	1000.000000	0.001200	0.007552	0.002098
0.000001	1000.000000	-0.001584	0.015644	-0.000473
0.000001	1000.000000	-0.000022	0.019116	0.001735
0.000001	1000.000000	0.001371	0.024256	-0.001606
0.000001	1000.000000	-0.000753	0.024738	-0.002483
0.000001	1000.000000	0.000477	0.006822	0.002849
0.000001	1000.000000	0.002782	0.006885	0.000325
0.000001	1000.000000	0.001785	0.010944	-0.001024
0.000001	1000.000000	0.002321	0.014066	0.000554
0.000001	1000.000000	0.003460	0.006106	-0.002155
0.000001	1000.000000	0.002290	0.012449	0.000950
0.000001	1000.000000	-0.001579	0.018171	0.001557
0.000001	1000.000000	0.001810	0.007126	0.001730
0.000001	1000.000000	-0.001621	0.009275	-0.002666
0.000001	1000.000000	-0.000416	0.008160	0.002095
0.000001	1000.000000	0.001036	0.018476	-0.002289
0.000001	1000.000000	-0.001234	0.011207	0.000314
0.000001	1000.000000	-0.002731	0.013949	0.002248
0.000001	1000.000000	-0.000824	0.005178	0.001227
0.000001	1000.000000	-0.001597	0.014071	-0.001614
0.000001	1000.000000	-0.000316	0.019812	0.000169
0.000001	1000.000000	-0.002280	0.015219	-0.000523
0.000001	1000.000000	-0.001432	0.010536	-0.000835
0.000001	1000.000000	0.001112	0.007606	-0.000860
0.000001	1000.000000	-0.000903	0.013875	0.003153
0.000001	1000.000000	-0.003221	0.010637	0.003364
0.000001	1000.000000	0.002504	0.016950	0.000247
0.000001	1000.000000	-0.000232	0.008850	-0.002314
0.000001	1000.000000	-0.000111	0.017925	-0.000382
0.000001	1000.000000	0.001677	0.015580	0.002575
0.000001	1000.000000	0.002000	0.014370	-0.000245
0.000001	1000.000000	-0.000572	0.005443	0.000635
0.000001	1000.000000	-0.000207	0.009796	-0.003369
0.000001	1000.000000	0.001890	0.014228	0.002407
0.000001	1000.000000	0.001770	0.010732	-0.002072
0.000001	1000.000000	0.003163	0.022415	0.000460
0.000001	1000.000000	0.000076	0.008101	0.000383
0.000001	1000.000000	-0.000385	0.017894	0.000665
0.000001	1000.000000	-0.001040	0.020572	-0.002607
0.000001	1000.000000	0.003202	0.005567	-0.001090
0.000001	1000.000000	0.002784	0.008198	0.001810
0.000001	1000.000000	0.001599	0.010030	0.002676
0.000001	1000.000000	-0.001298	0.013080	0.001142
0.000001	1000.000000	0.001747	0.006892	-0.002471
0.000001	1000.000000	0.001772	0.017807	0.003300
0.000001	1000.000000	0.000522	0.023518	0.003076
0.000001	1000.000000	-0.002015	0.006542	-0.002079
0.000001	1000.000000	0.001815	0.022763	0.002184
0.000001	1000.000000	-0.000824	0.010492	0.001645
0.000001	1000.000000	-0.000643	0.017859	0.001605
0.000001	1000.000000	-0.000633	0.006757	-0.002639
0.000001	1000.000000	0.001462	0.007474	-0.001674
0.000001	1000.000000	-0.002090	0.006873	0.002685
0.000001	1000.000000	-0.002465	0.020501	0.002571
0.000001	1000.000000	-0.000092	0.015685	0.003049
0.000001	1000.000000	-0.002909	0.022837	-0.003486
0.000001	1000.000000	-0.001084	0.024427	-0.001941
0.000001	1000.000000	-0.003399	0.024303	-0.001103
0.000001	1000.000000	-0.002960	0.005145	-0.003041
0.000001	1000.000000	0.000803	0.008841	-0.000735
0.000001	1000.000000	-0.003368	0.011352	0.002976
0.000001	1000.000000	0.000731	0.007632	-0.002320
0.000001	1000.000000	0.000298	0.020980	-0.000506
0.000001	1000.000000	-0.001274	0.021513	0.003116
0.000001	1000.000000	0.002764	0.005012	-0.002411
0.000001	1000.000000	-0.002394	0.010797	0.003120
0.000001	1000.000000	0.001700	0.016519	-0.001446
0.000001	1000.000000	0.000669	0.006583	0.003256
0.000001	1000.000000	-0.000402	0.010986	0.002148
0.000001	1000.000000	0.001467	0.008813	-0.001066
0.000001	1000.000000	0.003231	0.007240	-0.001320
0.000001	1000.000000	0.000522	0.024654	-0.002109
0.000001	1000.000000	-0.001798	0.022430	-0.000904
0.000001	1000.000000	0.000899	0.018058	-0.003472
0.000001	1000.000000	-0.000932	0.007488	-0.000048
0.000001	1000.000000	0.001522	0.013013	0.002203
0.000001	1000.000000	0.001342	0.007060	0.000495
0.000001	1000.000000	0.000518	0.018522	-0.000210
0.000001	1000.000000	0.001706	0.007625	0.001195
0.000001	1000.000000	0.002084	0.008760	-0.002905
0.000001	1000.000000	-0.001728	0.023235	-0.000167
0.000001	1000.000000	0.001087	0.005717	0.003421
0.000001	1000.000000	-0.001349	0.007960	0.003282
0.000001	1000.000000	-0.001541	0.006089	-0.000520
0.000001	1000.000000	-0.002886	0.022210	0.000896
0.000001	1000.000000	-0.003479	0.006433	-0.001502
0.000001	1000.000000	-0.000489	0.005626	0.003274
0.000001	1000.000000	-0.002176	0.012673	0.001988
0.000001	1000.000000	0.002854	0.015628	0.000207
0.000001	1000.000000	0.002729	0.016641	0.002957
0.000001	1000.000000	-0.000413	0.007099	0.001751
0.000001	1000.000000	-0.000861	0.012399	0.002927
0.000001	1000.000000	0.000590	0.006429	0.003482
0.000001	1000.000000	0.000839	0.024625	-0.002541
0.000001	1000.000000	-0.002266	0.023273	0.001611
0.000001	1000.000000	0.000390	0.020443	0.000654
0.000001	1000.000000	0.002832	0.013086	-0.002686
0.000001	1000.000000	0.002873	0.022464	0.003216
0.000001	1000.000000	0.002472	0.011171	0.000988
0.000001	1000.000000	0.003077	0.006030	0.003024
0.000001	1000.000000	-0.003211	0.005786	-0.001017
0.000001	1000.000000	-0.001785	0.017005	-0.003292
0.000001	1000.000000	0.001878	0.019117	0.002075
0.000001	1000.000000	-0.002341	0.020775	-0.003369
0.000001	1000.000000	-0.000309	0.013402	0.000553
0.000001	1000.000000	0.000324	0.008942	-0.000747
0.000001	1000.000000	-0.001119	0.015953	-0.000625
0.000001	1000.000000	-0.000909	0.012584	-0.000669
0.000001	1000.000000	-0.000460	0.012803	-0.000299
0.000001	1000.000000	0.000779	0.024933	0.002173
0.000001	1000.000000	0.001298	0.016327	-0.000642
0.000001	1000.000000	-0.001379	0.015478	0.001104
0.000001	1000.000000	-0.001211	0.017017	-0.000330
0.000001	1000.000000	0.001860	0.024987	0.002105
0.000001	1000.000000	-0.002583	0.018198	0.003069
0.000001	1000.000000	0.001192	0.012745	-0.000502
0.000001	1000.000000	0.001451	0.008959	0.001728
0.000001	1000.000000	-0.002282	0.016912	-0.002617
0.000001	1000.000000	-0.002463	0.012463	0.001750
0.000001	1000.000000	0.001401	0.013207	-0.002919
0.000001	1000.000000	0.000874	0.021080	0.002039
0.000001	1000.000000	0.000880	0.019098	0.003147
0.000001	1000.000000	-0.000380	0.020601	-0.001329
0.000001	1000.000000	0.000933	0.023532	0.002771
0.000001	1000.000000	0.000618	0.008074	-0.003001
0.000001	1000.000000	0.001878	0.022504	-0.001508
0.000001	1000.000000	0.003114	0.005532	-0.001018
0.000001	1000.000000	-0.000513	0.015638	-0.003190
0.000001	1000.000000	0.002145	0.006226	0.003489
0.000001	1000.000000	0.000999	0.011626	0.000561
0.000001	1000.000000	0.001415	0.024813	-0.002289
0.000001	1000.000000	-0.001497	0.011241	-0.001731
0.000001	1000.000000	0.001161	0.019019	-0.003487
0.000001	1000.000000	-0.001382	0.008985	-0.001857
0.000001	1000.000000	-0.002163	0.019748	-0.003200
0.000001	1000.000000	0.000624	0.021583	-0.000823
0.000001	1000.000000	0.003083	0.012436	0.002731
0.000001	1000.000000	0.001918	0.013622	0.001475
0.000001	1000.000000	-0.002488	0.020291	-0.001148
0.000001	1000.000000	-0.001262	0.018842	0.001007
0.000001	1000.000000	-0.002429	0.005121	0.001450
0.000001	1000.000000	0.000640	0.020911	0.000645
0.000001	1000.000000	0.002943	0.022102	0.002712
0.000001	1000.000000	0.003324	0.006498	-0.003176
0.000001	1000.000000	-0.000143	0.013579	0.002332
0.000001	1000.000000	0.001612	0.024781	0.003401
0.000001	1000.000000	0.002174	0.017468	0.002060
0.000001	1000.000000	0.000049	0.018105	0.001144
0.000001	1000.000000	-0.001080	0.008918	0.002750
0.000001	1000.000000	-0.001204	0.010202	-0.003488
0.000001	1000.000000	-0.000992	0.014318	-0.001642
0.000001	1000.000000	-0.002414	0.020334	-0.000880
0.000001	1000.000000	-0.003472	0.012028	-0.001980
0.000001	1000.000000	0.000775	0.013985	0.003421
0.000001	1000.000000	0.000929	0.011971	0.003454
0.000001	1000.000000	-0.000884	0.017912	0.002385
0.000001	1000.000000	0.003230	0.023221	0.001142
0.000001	1000.000000	0.001278	0.018908	0.002766
0.000001	1000.000000	0.002556	0.007145	-0.000219
0.000001	1000.000000	0.002033	0.005891	-0.002405
0.000001	1000.000000	-0.002457	0.009293	0.001898
0.000001	1000.000000	-0.002798	0.023086	0.000824
0.000001	1000.000000	-0.002155	0.012066	-0.003249
0.000001	1000.000000	-0.002166	0.018925	0.002037
0.000001	1000.000000	0.000619	0.013977	0.000482
0.000001	1000.000000	-0.002827	0.012409	0.001569
0.000001	1000.000000	0.002771	0.013305	0.002505
0.000001	1000.000000	0.000569	0.016119	-0.001929
0.000001	1000.000000	0.000660	0.017849	0.000277
0.000001	1000.000000	0.000698	0.024771	-0.001618
0.000001	1000.000000	0.000407	0.012435	-0.003081
0.000001	1000.000000	-0.002708	0.020983	0.001595
0.000001	1000.000000	0.001616	0.005113	-0.001921
0.000001	1000.000000	0.003155	0.015784	0.002178
0.000001	1000.000000	0.000262	0.012208	0.001734
0.000001	1000.000000	-0.002343	0.018621	0.000748
0.000001	1000.000000	-0.000792	0.005468	0.001743
0.000001	1000.000000	-0.000714	0.013417	-0.000997
0.000001	1000.000000	-0.002240	0.011041	-0.001893
0.000001	1000.000000	0.001749	0.008048	-0.000781
0.000001	1000.000000	0.003276	0.011191	0.001865
0.000001	1000.000000	0.001018	0.020493	0.001018
0.000001	1000.000000	-0.001643	0.017236	-0.000857
0.000001	1000.000000	0.002731	0.010699	-0.000165
0.000001	1000.000000	0.001859	0.011776	-0.003029
0.000001	1000.000000	-0.000069	0.011238	0.001856
0.000001	1000.000000	-0.000608	0.014817	0.003413
0.000001	1000.000000	0.002677	0.017315	0.002491
0.000001	1000.000000	0.003394	0.018062	0.003226
0.000001	1000.000000	-0.003366	0.015890	0.003176
0.000001	1000.000000	-0.002504	0.021736	0.003273
0.000001	1000.000000	0.001659	0.006807	0.003088
0.000001	1000.000000	-0.002442	0.010709	-0.003308
0.000001	1000.000000	-0.000386	0.015565	0.003047
0.000001	1000.000000	0.000761	0.005226	0.001994
0.000001	1000.000000	0.001906	0.009374	-0.000749
0.000001	1000.000000	0.003491	0.016512	-0.002116
0.000001	1000.000000	-0.002390	0.011106	0.002111
0.000001	1000.000000	0.002450	0.006209	0.001459
0.000001	1000.000000	-0.001972	0.016865	0.003208
0.000001	1000.000000	-0.000546	0.007675	-0.001598
0.000001	1000.000000	-0.001018	0.008450	-0.000114
0.000001	1000.000000	-0.002219	0.010184	0.001435
0.000001	1000.000000	-0.001272	0.013929	0.002981
0.000001	1000.000000	-0.000171	0.022424	-0.002682
0.000001	1000.000000	0.002085	0.022986	0.001338
0.000001	1000.000000	-0.003415	0.015034	-0.002664
0.000001	1000.000000	0.002959	0.018361	0.002369
0.000001	1000.000000	0.002934	0.017748	0.003133
0.000001	1000.000000	-0.000986	0.018993	0.000364
0.000001	1000.000000	-0.001916	0.017712	-0.000184
0.000001	1000.000000	0.000868	0.011536	0.003490
0.000001	1000.000000	0.002589	0.009647	-0.003083
0.000001	1000.000000	-0.003453	0.014739	0.001220
0.000001	1000.000000	-0.000076	0.016102	-0.002722
0.000001	1000.000000	0.003361	0.012572	0.000620
0.000001	1000.000000	-0.001945	0.018040	0.003367
0.000001	1000.000000	0.000321	0.017221	-0.001297
0.000001	1000.000000	-0.001943	0.011585	0.002449
0.000001	1000.000000	0.001887	0.019459	0.000745
0.000001	1000.000000	0.001760	0.020950	0.001783
0.000001	1000.000000	-0.002267	0.006866	-0.000921
0.000001	1000.000000	0.001406	0.005579	0.000182
0.000001	1000.000000	0.001929	0.021558	-0.000415
0.000001	1000.000000	-0.001423	0.006237	-0.002321
0.000001	1000.000000	0.003387	0.014068	-0.001774
0.000001	1000.000000	-0.002756	0.006775	0.000714
0.000001	1000.000000	-0.002763	0.007041	0.002234
0.000001	1000.000000	0.000175	0.022067	0.003433
0.000001	1000.000000	-0.002887	0.019656	0.001646
0.000001	1000.000000	-0.001349	0.013652	0.001748
0.000001	1000.000000	0.000982	0.015902	0.001198
0.000001	1000.000000	-0.000690	0.018706	0.001373
0.000001	1000.000000	0.003180	0.019460	-0.002020
0.000001	1000.000000	-0.002189	0.009872	-0.001352
0.000001	1000.000000	0.002458	0.005821	0.000459
0.000001	1000.000000	-0.000783	0.006802	0.002223
0.000001	1000.000000	-0.002488	0.018013	-0.002435
0.000001	1000.000000	-0.000977	0.017629	0.002822
0.000001	1000.000000	-0.003390	0.021222	-0.002604
0.000001	1000.000000	-0.002006	0.010027	0.002590
0.000001	1000.000000	0.001476	0.014975	0.000680
0.000001	1000.000000	-0.000158	0.023339	-0.003283
0.000001	1000.000000	0.001881	0.015446	0.001522
0.000001	1000.000000	0.001442	0.023405	-0.001641
0.000001	1000.000000	-0.000749	0.017705	-0.003490
0.000001	1000.000000	-0.001407	0.017076	-0.001417
0.000001	1000.000000	-0.000713	0.016537	-0.000721
0.000001	1000.000000	-0.002980	0.020194	0.001946
0.000001	1000.000000	-0.001948	0.023350	-0.002081
0.000001	1000.000000	-0.000819	0.023446	0.000576
0.000001	1000.000000	0.001110	0.017956	-0.000181
0.000001	1000.000000	0.002131	0.019437	-0.001305
0.000001	1000.000000	0.000418	0.024145	0.000931
0.000001	1000.000000	-0.003415	0.018905	0.001654
0.000001	1000.000000	-0.003315	0.011782	-0.002953
0.000001	1000.000000	-0.000707	0.020379	-0.001818
0.000001	1000.000000	0.000394	0.013908	0.003335
0.000001	1000.000000	0.001519	0.018030	0.001652
0.000001	1000.000000	-0.003487	0.018135	-0.000143
0.000001	1000.000000	-0.002172	0.018644	-0.002438
0.000001	1000.000000	-0.001230	0.016283	0.002949
0.000001	1000.000000	-0.000461	0.009136	0.000064
0.000001	1000.000000	-0.000942	0.024098	0.000765
0.000001	1000.000000	0.003482	0.018285	-0.002367
0.000001	1000.000000	0.000343	0.021452	0.000861
0.000001	1000.000000	-0.000557	0.017035	0.002437
0.000001	1000.000000	-0.002965	0.016999	-0.000924
0.000001	1000.000000	-0.000053	0.006857	-0.001776
0.000001	1000.000000	0.000067	0.012826	-0.002444
0.000001	1000.000000	0.000947	0.016912	-0.003170
0.000001	1000.000000	-0.000810	0.019186	0.000124
0.000001	1000.000000	-0.001125	0.015095	0.001207
0.000001	1000.000000	-0.002724	0.023726	0.003303
0.000001	1000.000000	-0.002379	0.015786	-0.003276
0.000001	1000.000000	0.000205	0.013533	-0.002027
0.000001	1000.000000	-0.002556	0.017326	-0.002983
0.000001	1000.000000	-0.002767	0.022402	-0.002050
0.000001	1000.000000	0.002932	0.011907	-0.002261
0.000001	1000.000000	0.002764	0.012032	0.001235
0.000001	1000.000000	-0.000917	0.022877	-0.001347
0.000001	1000.000000	-0.003208	0.006956	-0.002628
0.000001	1000.000000	0.001838	0.010440	0.002158
0.000001	1000.000000	0.001700	0.020088	0.003055
0.000001	1000.000000	-0.002503	0.018491	-0.002399
0.000001	1000.000000	0.002002	0.015744	-0.003430
0.000001	1000.000000	-0.000285	0.011630	-0.001280
0.000001	1000.000000	-0.002824	0.008162	0.000093
0.000001	1000.000000	0.001772	0.010683	0.001787
0.000001	1000.000000	0.001692	0.019308	0.000638
0.000001	1000.000000	0.000834	0.005408	0.000488
0.000001	1000.000000	-0.001464	0.016925	0.002846
